913 919 1160 1182
913 924 1160 1172
919 924 1172 1182
1312 1315 2108 2122
844 887 1610 2658
844 887 1764 2764
844 887 1488 2352
844 887 1784 2644
1547 1638 2595 2663
1554 1885 2438 2898
1181 1316 1613 2506
1181 1316 1847 2698
578 579 686 687
578 581 686 689
578 582 686 690
578 584 686 698
578 585 686 699
578 589 686 695
578 590 686 696
579 581 687 689
579 582 687 690
579 584 687 698
579 585 687 699
579 589 687 695
579 590 687 696
581 582 689 690
581 584 689 698
581 585 689 699
581 589 689 695
581 590 689 696
582 584 690 698
582 585 690 699
582 589 690 695
582 590 690 696
584 585 698 699
584 589 695 698
584 590 696 698
585 589 695 699
585 590 696 699
589 590 695 696
1347 1373 2217 2414
962 1044 1533 2423
962 1044 1919 2754
962 1044 1580 2469
639 674 786 859
639 670 786 852
642 674 797 859
642 670 797 852
648 674 791 859
648 670 791 852
652 674 795 859
652 670 795 852
639 642 786 797
639 648 786 791
639 652 786 795
642 648 791 797
642 652 795 797
648 652 791 795
1365 1850 2213 2691
964 1045 1118 1258
964 1045 1083 1219
994 1054 1118 1258
994 1054 1083 1219
964 994 1045 1054
1892 2004 2727 2845
1380 2244 2351 3125
2110 2140 2963 3070
714 752 942 1038
714 752 956 1047
714 752 940 1027
714 752 1018 1061
751 778 942 1038
751 778 956 1047
751 778 940 1027
751 778 1018 1061
717 753 942 1038
717 753 956 1047
717 753 940 1027
717 753 1018 1061
714 751 752 778
714 717 752 753
717 751 753 778
960 1049 1831 2677
960 1049 2134 2945
960 1049 1634 2512
1708 1817 2674 2735
843 894 2025 2879
843 894 2208 3014
843 894 1345 2379
843 894 1876 2716
1480 1732 2542 2583
784 831 1623 2498
784 831 2238 3036
784 831 1617 2507
784 831 1406 2447
784 831 1893 2905
853 902 2260 3051
853 902 1898 2891
853 902 1629 2665
853 902 2035 2884
849 898 2343 3107
849 898 1468 2335
849 898 1455 2508
849 898 1408 2247
935 1021 2353 3126
935 1021 1342 2198
935 1021 1822 2818
1336 1650 2390 2680
779 804 1442 2303
779 804 1977 2810
779 804 1926 2931
779 804 1780 2622
779 804 1608 2654
911 917 1166 1178
911 918 1166 1180
917 918 1178 1180
845 897 1522 2412
845 897 1984 2836
845 897 1361 2410
845 897 1534 2581
922 1059 1165 1169
997 1059 1165 1308
922 997 1169 1308
1624 1720 2499 2589
1071 1230 1334 2203
1071 1230 1809 2811
1493 1636 2371 2515
1458 1538 2416 2513
1152 1289 1519 2389
1152 1289 1703 2564
1581 1946 2613 2783
1127 1266 1819 2834
1127 1266 2357 3114
1140 1280 1550 2430
1140 1280 1915 2927
941 1026 1072 1194
941 1026 1151 1287
932 1019 1072 1194
932 1019 1151 1287
932 941 1019 1026
1156 1292 2329 3090
1156 1292 2045 3019
1397 2163 2454 3124
1153 1294 1443 2305
1153 1294 1329 2361
1395 1891 2452 2904
1149 1288 1396 2256
1149 1288 1767 2781
1471 1741 2336 2592
945 1033 1966 2797
945 1033 1633 2509
945 1033 1436 2312
1678 1951 2703 2803
871 909 1195 1307
871 909 1122 1278
871 909 1129 1268
838 889 1195 1307
838 889 1122 1278
838 889 1129 1268
838 871 889 909
577 614 691 722
577 602 691 756
580 614 688 722
580 602 688 756
583 614 697 722
583 602 697 756
586 614 692 722
586 602 692 756
587 614 693 722
587 602 693 756
588 614 694 722
588 602 694 756
577 580 688 691
577 583 691 697
577 586 691 692
577 587 691 693
577 588 691 694
580 583 688 697
580 586 688 692
580 587 688 693
580 588 688 694
583 586 692 697
583 587 693 697
583 588 694 697
586 587 692 693
586 588 692 694
587 588 693 694
900 958 1263 1645
900 958 1228 1350
835 900 958 2287
1323 1409 2189 2448
966 1053 1080 1209
966 1053 1106 1264
944 1039 1080 1209
944 1039 1106 1264
944 966 1039 1053
928 1023 1189 1304
928 1023 1102 1257
929 996 1189 1304
929 996 1102 1257
928 929 996 1023
762 769 973 987
762 773 973 981
762 777 973 985
769 773 981 987
769 777 985 987
773 777 981 985
1377 1924 2242 2776
617 638 726 790
617 637 726 809
618 638 721 790
618 637 721 809
621 638 732 790
621 637 732 809
623 638 727 790
623 637 727 809
625 638 735 790
625 637 735 809
617 618 721 726
617 621 726 732
617 623 726 727
617 625 726 735
618 621 721 732
618 623 721 727
618 625 721 735
621 623 727 732
621 625 732 735
623 625 727 735
1161 1297 1596 2486
1161 1297 2034 3021
1098 1255 1432 2282
1098 1255 2118 3079
1799 1939 2661 2787
868 926 1840 2685
868 926 1425 2468
868 926 1923 2918
868 926 2016 2999
1552 1738 2436 2761
1223 1320 1512 2401
1223 1320 2233 3033
1146 1286 1783 2641
1146 1286 2215 3011
2051 2097 3025 3055
1439 1604 2501 2502
1078 1233 2152 3098
1078 1233 2086 2933
848 895 1086 1238
848 895 1112 1246
848 895 1154 1295
834 872 1086 1238
834 872 1112 1246
834 872 1154 1295
834 848 872 895
1754 1914 2769 2925
1502 1649 2363 2531
1101 1234 1459 2341
1101 1234 1794 2660
1058 1060 1162 1164
915 1058 1164 1177
915 1060 1162 1177
1326 1762 2195 2603
927 1022 1384 2236
927 1022 1415 2480
927 1022 1569 2601
1091 1227 1716 2587
1091 1227 1999 2851
841 893 1724 2578
841 893 1805 2655
841 893 1371 2425
841 893 1942 2938
946 1032 1476 2358
946 1032 1993 2825
946 1032 1501 2556
1394 1414 2254 2272
992 1052 2346 3122
992 1052 1516 2385
992 1052 1549 2597
1410 1854 2248 2858
1401 1776 2462 2618
1120 1272 1503 2364
1120 1272 1474 2338
972 1050 1841 2686
972 1050 2046 3031
972 1050 1591 2637
677 855 912 1158
677 837 855 1235
677 855 886 1073
683 864 912 1158
683 837 864 1235
683 864 886 1073
677 683 855 864
615 616 723 724
615 633 723 725
615 619 720 723
615 635 723 733
615 622 723 734
615 624 723 728
616 633 724 725
616 619 720 724
616 635 724 733
616 622 724 734
616 624 724 728
619 633 720 725
633 635 725 733
622 633 725 734
624 633 725 728
619 635 720 733
619 622 720 734
619 624 720 728
622 635 733 734
624 635 728 733
622 624 728 734
938 1035 1398 2257
938 1035 2071 2924
938 1035 1763 2604
718 755 1124 1262
718 755 1139 1274
718 755 1145 1305
718 755 1115 1248
718 755 1074 1197
719 757 1124 1262
719 757 1139 1274
719 757 1145 1305
719 757 1115 1248
719 757 1074 1197
718 719 755 757
846 890 1341 2196
846 890 1551 2599
846 890 1714 2585
846 890 2297 3057
863 904 2119 2947
863 904 1507 2551
863 904 1736 2600
863 904 1495 2375
656 669 1088 1224
656 669 1128 1290
656 669 1157 1310
656 669 1084 1220
656 669 1107 1261
656 669 1125 1265
656 669 1142 1281
665 685 1088 1224
665 685 1128 1290
665 685 1157 1310
665 685 1084 1220
665 685 1107 1261
665 685 1125 1265
665 685 1142 1281
656 665 669 685
780 825 1167 1302
780 825 1131 1291
780 825 1116 1253
780 825 1090 1242
803 832 1167 1302
803 832 1131 1291
803 832 1116 1253
803 832 1090 1242
780 803 825 832
672 759 858 980
672 737 858 1051
682 759 862 980
682 737 862 1051
684 759 865 980
684 737 865 1051
672 682 858 862
672 684 858 865
682 684 862 865
1087 1222 1755 2611
1087 1222 1768 2785
968 1048 1788 2648
968 1048 2056 2914
968 1048 1887 2737
965 1046 2301 3086
965 1046 1777 2621
965 1046 1751 2755
673 675 854 860
673 679 860 866
673 680 860 867
673 681 860 861
675 679 854 866
675 680 854 867
675 681 854 861
679 680 866 867
679 681 861 866
680 681 861 867
761 765 971 976
761 771 971 989
761 772 971 990
765 771 976 989
765 772 976 990
771 772 989 990
758 766 977 979
758 768 979 986
758 775 979 983
766 768 977 986
766 775 977 983
768 775 983 986
1435 1497 2377 2484
1136 1299 2144 3108
1136 1299 2281 3068
574 658 676 788
574 653 658 829
574 658 667 783
574 658 668 782
575 659 676 788
575 653 659 829
575 659 667 783
575 659 668 782
576 660 676 788
576 653 660 829
576 660 667 783
576 660 668 782
631 655 676 788
631 653 655 829
631 655 667 783
631 655 668 782
627 666 676 788
627 653 666 829
627 666 667 783
627 666 668 782
574 575 658 659
574 576 658 660
574 631 655 658
574 627 658 666
575 576 659 660
575 631 655 659
575 627 659 666
576 631 655 660
576 627 660 666
627 631 655 666
1789 1958 2629 2807
1403 1928 2246 2778
1391 2060 2432 3045
1908 2128 2742 3094
952 1037 2229 3018
952 1037 1865 2718
952 1037 2098 2936
760 763 970 974
760 767 970 978
760 776 970 984
763 767 974 978
763 776 974 984
767 776 978 984
939 1036 1089 1225
939 1036 1188 1321
936 1024 1089 1225
936 1024 1188 1321
936 939 1024 1036
870 906 1069 1190
870 906 1134 1271
870 906 1173 1319
840 892 1069 1190
840 892 1134 1271
840 892 1173 1319
840 870 892 906
715 754 2129 2942
715 754 2141 2961
715 754 1366 2399
715 754 1959 2952
715 754 1866 2720
715 754 1644 2530
781 826 1159 1300
781 826 1085 1221
781 826 1108 1260
781 826 1110 1245
785 830 1159 1300
785 830 1085 1221
785 830 1108 1260
785 830 1110 1245
781 785 826 830
1111 1244 2058 3041
1111 1244 1416 2479
969 1056 1856 2708
969 1056 2065 2909
969 1056 2307 3074
1853 2157 2857 3103
764 975 1062 1171
764 975 995 1306
764 907 967 975
907 967 1062 1171
907 967 995 1306
921 923 1168 1170
921 925 1168 1174
923 925 1170 1174
620 671 730 857
620 654 730 888
620 657 730 903
634 671 731 857
634 654 731 888
634 657 731 903
636 671 729 857
636 654 729 888
636 657 729 903
626 671 736 857
626 654 736 888
626 657 736 903
620 634 730 731
620 636 729 730
620 626 730 736
634 636 729 731
626 634 731 736
626 636 729 736
1082 1143 1236 1282
1081 1082 1217 1236
1081 1143 1217 1282
991 1067 1899 2892
991 1067 1584 2476
991 1067 2030 2870
993 1066 2091 3066
993 1066 1668 2538
993 1066 1723 2591
1838 2318 2684 3095
1702 1815 2672 2711
1998 2113 2935 2984
1123 1279 1423 2465
1123 1279 2068 2922
1070 1226 1539 2418
1070 1226 1691 2567
1103 1259 1916 2750
1103 1259 1603 2630
910 916 1163 1176
910 920 1163 1184
916 920 1176 1184
1528 1921 2405 2773
1679 1686 2696 2704
1119 1273 1894 2729
1119 1273 1452 2319
937 1025 1872 2723
937 1025 1996 2975
937 1025 1587 2489
1130 1296 1508 2368
1130 1296 2190 2983
1144 1283 1583 2614
1144 1283 2101 3084
2003 2177 2976 2989
850 905 1337 2206
850 905 1572 2478
850 905 1973 2816
850 905 2156 2960
1020 1063 1487 2354
1020 1063 1464 2529
1020 1063 2146 2969
66 78 594 628
66 77 594 630
67 78 595 628
67 77 595 630
68 78 591 628
68 77 591 630
69 78 592 628
69 77 592 630
70 78 593 628
70 77 593 630
71 78 600 628
71 77 600 630
72 78 601 628
72 77 601 630
73 78 596 628
73 77 596 630
74 78 597 628
74 77 597 630
75 78 598 628
75 77 598 630
76 78 599 628
76 77 599 630
66 67 594 595
66 68 591 594
66 69 592 594
66 70 593 594
66 71 594 600
66 72 594 601
66 73 594 596
66 74 594 597
66 75 594 598
66 76 594 599
67 68 591 595
67 69 592 595
67 70 593 595
67 71 595 600
67 72 595 601
67 73 595 596
67 74 595 597
67 75 595 598
67 76 595 599
68 69 591 592
68 70 591 593
68 71 591 600
68 72 591 601
68 73 591 596
68 74 591 597
68 75 591 598
68 76 591 599
69 70 592 593
69 71 592 600
69 72 592 601
69 73 592 596
69 74 592 597
69 75 592 598
69 76 592 599
70 71 593 600
70 72 593 601
70 73 593 596
70 74 593 597
70 75 593 598
70 76 593 599
71 72 600 601
71 73 596 600
71 74 597 600
71 75 598 600
71 76 599 600
72 73 596 601
72 74 597 601
72 75 598 601
72 76 599 601
73 74 596 597
73 75 596 598
73 76 596 599
74 75 597 598
74 76 597 599
75 76 598 599
1314 1317 2105 2137
1095 1231 1355 2408
1095 1231 1438 2500
1422 1730 2464 2582
1421 1662 2259 2548
1141 1277 1972 2817
1141 1277 2017 2859
1861 2150 2701 3110
930 998 1823 2819
930 998 2159 3115
930 998 2055 2894
1148 1285 1348 2388
1148 1285 1673 2689
2044 2222 3020 3022
1542 1681 2557 2580
1712 2073 2726 2926
1327 1478 2359 2378
1068 1192 1453 2321
1068 1192 2127 3091
1404 1559 2460 2461
1121 1275 1855 2706
1121 1275 2126 3092
1155 1309 1473 2524
1155 1309 1759 2775
1126 1313 2104 2707
949 1193 1250 2998
949 1034 1250 1546
1785 2020 2645 2873
1191 1322 2013 2856
1191 1322 2099 3083
644 678 798 856
644 661 798 908
646 678 799 856
646 661 799 908
645 678 800 856
645 661 800 908
647 678 801 856
647 661 801 908
644 646 798 799
644 645 798 800
644 647 798 801
645 646 799 800
646 647 799 801
645 647 800 801
640 641 787 789
640 643 787 796
640 649 787 792
640 650 787 793
640 651 787 794
641 643 789 796
641 649 789 792
641 650 789 793
641 651 789 794
643 649 792 796
643 650 793 796
643 651 794 796
649 650 792 793
649 651 792 794
650 651 793 794
1093 1229 1836 2847
1093 1229 1412 2271
1135 1298 1485 2348
1135 1298 1482 2546
2061 2164 2915 2971
1427 1834 2472 2679
961 1042 1878 2734
961 1042 1787 2647
961 1042 2019 3000
827 934 957 2697
827 869 934 2995
827 836 934 2314
899 955 963 1276
802 899 955 1303
847 963 1040 1276
802 847 1040 1303
847 899 955 1040
1980 2193 2956 2986
1097 1252 1494 2373
1097 1252 1505 2367
1096 1251 1791 2639
1096 1251 1450 2516
770 914 988 1175
770 901 988 1132
774 914 982 1175
774 901 982 1132
770 774 982 988
1622 2043 2308 3061
913 919 1208 1216
913 924 1203 1208
919 924 1203 1216
1781 2211 2634 2838
3 1666 2535 3100
1312 1315 2277 2293
1437 1937 2356 2794
1428 2522 2667 2966
578 579 706 707
578 581 707 708
578 582 707 710
578 584 707 712
578 585 700 707
578 589 702 707
578 590 705 707
579 581 706 708
579 582 706 710
579 584 706 712
579 585 700 706
579 589 702 706
579 590 705 706
581 582 708 710
581 584 708 712
581 585 700 708
581 589 702 708
581 590 705 708
582 584 710 712
582 585 700 710
582 589 702 710
582 590 705 710
584 585 700 712
584 589 702 712
584 590 705 712
585 589 700 702
585 590 700 705
589 590 702 705
1513 2036 2474 2934
1109 1318 1489 2962
1109 1318 1324 2226
1325 2161 2228 2572
639 674 814 878
639 670 814 891
642 674 817 878
642 670 817 891
648 674 808 878
648 670 808 891
652 674 810 878
652 670 810 891
639 642 814 817
639 648 808 814
639 652 810 814
642 648 808 817
642 652 810 817
648 652 808 810
1612 2539 2903 3053
1527 2396 2525 2908
933 1028 1687 3089
933 1028 1655 3121
933 1028 1381 2288
2223 2571 2619 2951
1075 1210 2533 2895
1075 1210 2155 2588
1460 1845 2322 2888
1684 2096 2387 3106
1592 1877 2849 3064
911 917 1206 1215
911 918 1206 1214
917 918 1214 1215
922 1059 1202 2279
922 997 1202 1431
1693 2570 2949 3097
1426 1895 2517 2930
1076 1232 1713 2772
1076 1232 1521 2391
1405 2021 2269 2824
1424 1680 2087 2514
577 614 713 749
577 602 713 716
580 614 709 749
580 602 709 716
583 614 711 749
583 602 711 716
586 614 701 749
586 602 701 716
587 614 704 749
587 602 704 716
588 614 703 749
588 602 703 716
577 580 709 713
577 583 711 713
577 586 701 713
577 587 704 713
577 588 703 713
580 583 709 711
580 586 701 709
580 587 704 709
580 588 703 709
583 586 701 711
583 587 704 711
583 588 703 711
586 587 701 704
586 588 701 703
587 588 703 704
835 1029 1263 1812
835 900 1029 2552
835 1029 1228 1523
762 769 1010 1017
762 773 999 1010
762 777 1004 1010
769 773 999 1017
769 777 1004 1017
773 777 999 1004
617 638 744 823
617 637 744 828
618 638 742 823
618 637 742 828
621 638 746 823
621 637 746 828
623 638 738 823
623 637 738 828
625 638 740 823
625 637 740 828
617 618 742 744
617 621 744 746
617 623 738 744
617 625 740 744
618 621 742 746
618 623 738 742
618 625 740 742
621 623 738 746
621 625 740 746
623 625 738 740
915 1058 1212 2316
915 1060 1212 2294
1537 1570 2380 2993
1105 1147 1793 2813
1105 1147 1544 1991
2008 2135 2505 2844
677 879 912 1207
677 837 879 1311
677 879 886 1094
683 874 912 1207
683 837 874 1311
683 874 886 1094
677 683 874 879
615 616 748 750
615 633 748 824
615 635 748 819
615 619 743 748
615 622 747 748
615 624 739 748
616 633 750 824
616 635 750 819
616 619 743 750
616 622 747 750
616 624 739 750
619 633 743 824
619 635 743 819
622 633 747 824
622 635 747 819
624 633 739 824
624 635 739 819
619 622 743 747
619 624 739 743
622 624 739 747
0 672 759 884
672 737 884 948
0 682 759 875
682 737 875 948
0 684 759 876
684 737 876 948
672 682 875 884
672 684 876 884
682 684 875 876
673 675 877 880
673 679 877 882
673 680 877 883
673 681 873 877
675 679 880 882
675 680 880 883
675 681 873 880
679 680 882 883
679 681 873 882
680 681 873 883
761 765 1007 1012
761 771 1001 1007
761 772 1000 1007
765 771 1001 1012
765 772 1000 1012
771 772 1000 1001
63 758 766 1011
63 758 768 1015
63 758 775 1002
766 768 1011 1015
766 775 1002 1011
768 775 1002 1015
574 663 676 1006
574 653 663 1064
574 663 667 953
574 631 663 959
574 663 668 954
574 627 663 1043
575 664 676 1006
575 653 664 1064
575 664 667 953
575 631 664 959
575 664 668 954
575 627 664 1043
576 662 676 1006
576 653 662 1064
576 662 667 953
576 631 662 959
576 662 668 954
576 627 662 1043
574 575 663 664
574 576 662 663
575 576 662 664
760 763 1008 1009
760 767 1008 1014
760 776 1005 1008
763 767 1009 1014
763 776 1005 1009
767 776 1005 1014
764 1013 1062 2265
764 995 1013 1367
764 907 1013 2643
921 923 1201 1204
921 925 1201 1205
923 925 1204 1205
620 671 745 885
620 654 745 896
620 657 745 842
634 671 816 885
636 671 812 885
634 654 816 896
636 654 812 896
634 657 816 842
636 657 812 842
626 671 741 885
626 654 741 896
626 657 741 842
620 634 745 816
620 636 745 812
620 626 741 745
626 634 741 816
626 636 741 812
910 916 1213 1218
910 920 1200 1218
916 920 1200 1213
66 78 613 629
66 77 613 632
67 78 612 629
67 77 612 632
68 78 609 629
68 77 609 632
69 78 608 629
69 77 608 632
70 78 611 629
70 77 611 632
71 78 610 629
71 77 610 632
72 78 603 629
72 77 603 632
73 78 604 629
73 77 604 632
74 78 605 629
74 77 605 632
75 78 607 629
75 77 607 632
76 78 606 629
76 77 606 632
66 67 612 613
66 68 609 613
66 69 608 613
66 70 611 613
66 71 610 613
66 72 603 613
66 73 604 613
66 74 605 613
66 75 607 613
66 76 606 613
67 68 609 612
67 69 608 612
67 70 611 612
67 71 610 612
67 72 603 612
67 73 604 612
67 74 605 612
67 75 607 612
67 76 606 612
68 69 608 609
68 70 609 611
68 71 609 610
68 72 603 609
68 73 604 609
68 74 605 609
68 75 607 609
68 76 606 609
69 70 608 611
69 71 608 610
69 72 603 608
69 73 604 608
69 74 605 608
69 75 607 608
69 76 606 608
70 71 610 611
70 72 603 611
70 73 604 611
70 74 605 611
70 75 607 611
70 76 606 611
71 72 603 610
71 73 604 610
71 74 605 610
71 75 607 610
71 76 606 610
72 73 603 604
72 74 603 605
72 75 603 607
72 76 603 606
73 74 604 605
73 75 604 607
73 76 604 606
74 75 605 607
74 76 605 606
75 76 606 607
1314 1317 2290 2299
1858 1862 2860 2878
1126 1313 2292 2876
86 1411 2131 2280
99 931 1030 2907
931 1030 1940 2792
84 931 1030 2063
1034 1193 1199 1354
949 1034 1199 2740
1198 1254 2553 2883
1198 1254 2717 3016
79 1092 1301 2270
90 1092 1301 2483
82 1737 1979 2162
1114 1270 1614 2040
100 1114 1270 3004
1099 1137 1429 2520
87 1099 1137 2767
1388 1582 1967 2421
1867 2075 2543 2753
94 1077 1240 3059
89 1077 1240 2823
1566 1920 2912 2981
104 1526 2575 2958
83 1100 1138 1970
1100 1138 1364 2449
644 678 820 881
644 661 820 833
646 678 822 881
646 661 822 833
645 678 821 881
645 661 821 833
647 678 805 881
647 661 805 833
644 646 820 822
644 645 820 821
644 647 805 820
645 646 821 822
646 647 805 822
645 647 805 821
80 1950 2342 2780
640 641 813 815
640 643 813 818
640 649 807 813
640 650 806 813
640 651 811 813
641 643 815 818
641 649 807 815
641 650 806 815
641 651 811 815
643 649 807 818
643 650 806 818
643 651 811 818
649 650 806 807
649 651 807 811
650 651 806 811
85 1196 1256 2064
4 1196 1256 2555
1041 1055 1113 1269
1041 1055 1117 1267
943 1057 1113 1269
943 1057 1117 1267
943 1041 1055 1057
91 1903 2577 2705
1187 1249 1657 3123
1187 1249 1981 2867
95 947 1065 1349
101 947 1065 1826
93 947 1065 2616
1902 1975 2702 2863
97 1185 1239 1379
5 1185 1239 1715
103 1104 1150 1905
1104 1150 1472 2332
869 950 957 1284
827 869 950 1183
836 957 1031 1284
827 836 1031 1183
836 869 950 1031
802 951 963 1562
802 899 951 2001
102 802 847 951
81 1186 1247 2419
1186 1247 2011 2814
98 1079 1241 1418
1079 1241 1745 2741
1632 1930 2893 3026
92 1179 1237 2569
88 1179 1237 2812
6 1133 1293 1557
1133 1293 1721 2050
96 839 851 1407
839 851 1935 2897
839 851 1631 2029
839 851 1346 2337
770 914 1016 1211
770 901 1016 1243
774 914 1003 1211
774 901 1003 1243
770 774 1003 1016
15 18 38 152 156 352
10 16 41 152 156 352
7 14 54 152 156 352
22 37 57 152 156 352
23 31 62 152 156 352
20 27 48 152 156 352
24 43 55 152 156 352
29 30 50 152 156 352
26 42 51 152 156 352
12 35 56 152 156 352
6 13 36 152 156 352
21 28 52 152 156 352
25 49 53 152 156 352
3 44 58 152 156 352
33 47 61 152 156 352
32 46 59 152 156 352
4 45 60 152 156 352
8 17 40 152 156 352
9 11 39 152 156 352
5 19 34 152 156 352
15 18 38 95 151 157
10 16 41 95 151 157
7 14 54 95 151 157
22 37 57 95 151 157
23 31 62 95 151 157
20 27 48 95 151 157
24 43 55 95 151 157
29 30 50 95 151 157
26 42 51 95 151 157
12 35 56 95 151 157
6 13 36 95 151 157
21 28 52 95 151 157
25 49 53 95 151 157
3 44 58 95 151 157
33 47 61 95 151 157
32 46 59 95 151 157
4 45 60 95 151 157
8 17 40 95 151 157
9 11 39 95 151 157
5 19 34 95 151 157
15 18 38 150 167 374
10 16 41 150 167 374
7 14 54 150 167 374
22 37 57 150 167 374
23 31 62 150 167 374
20 27 48 150 167 374
24 43 55 150 167 374
29 30 50 150 167 374
26 42 51 150 167 374
12 35 56 150 167 374
6 13 36 150 167 374
21 28 52 150 167 374
25 49 53 150 167 374
3 44 58 150 167 374
33 47 61 150 167 374
32 46 59 150 167 374
4 45 60 150 167 374
8 17 40 150 167 374
9 11 39 150 167 374
5 19 34 150 167 374
15 18 38 96 112 162
10 16 41 96 112 162
7 14 54 96 112 162
22 37 57 96 112 162
23 31 62 96 112 162
20 27 48 96 112 162
24 43 55 96 112 162
29 30 50 96 112 162
26 42 51 96 112 162
12 35 56 96 112 162
6 13 36 96 112 162
21 28 52 96 112 162
25 49 53 96 112 162
3 44 58 96 112 162
33 47 61 96 112 162
32 46 59 96 112 162
4 45 60 96 112 162
8 17 40 96 112 162
9 11 39 96 112 162
5 19 34 96 112 162
15 18 38 110 165 366
10 16 41 110 165 366
7 14 54 110 165 366
22 37 57 110 165 366
23 31 62 110 165 366
20 27 48 110 165 366
24 43 55 110 165 366
29 30 50 110 165 366
26 42 51 110 165 366
12 35 56 110 165 366
6 13 36 110 165 366
21 28 52 110 165 366
25 49 53 110 165 366
3 44 58 110 165 366
33 47 61 110 165 366
32 46 59 110 165 366
4 45 60 110 165 366
8 17 40 110 165 366
9 11 39 110 165 366
5 19 34 110 165 366
15 18 38 111 164 365
10 16 41 111 164 365
7 14 54 111 164 365
22 37 57 111 164 365
23 31 62 111 164 365
20 27 48 111 164 365
24 43 55 111 164 365
29 30 50 111 164 365
26 42 51 111 164 365
12 35 56 111 164 365
6 13 36 111 164 365
21 28 52 111 164 365
25 49 53 111 164 365
3 44 58 111 164 365
33 47 61 111 164 365
32 46 59 111 164 365
4 45 60 111 164 365
8 17 40 111 164 365
9 11 39 111 164 365
5 19 34 111 164 365
15 18 38 98 105 171
10 16 41 98 105 171
7 14 54 98 105 171
22 37 57 98 105 171
23 31 62 98 105 171
20 27 48 98 105 171
24 43 55 98 105 171
29 30 50 98 105 171
26 42 51 98 105 171
12 35 56 98 105 171
6 13 36 98 105 171
21 28 52 98 105 171
25 49 53 98 105 171
3 44 58 98 105 171
33 47 61 98 105 171
32 46 59 98 105 171
4 45 60 98 105 171
8 17 40 98 105 171
9 11 39 98 105 171
5 19 34 98 105 171
15 18 38 115 169 388
10 16 41 115 169 388
7 14 54 115 169 388
22 37 57 115 169 388
23 31 62 115 169 388
20 27 48 115 169 388
24 43 55 115 169 388
29 30 50 115 169 388
26 42 51 115 169 388
12 35 56 115 169 388
6 13 36 115 169 388
21 28 52 115 169 388
25 49 53 115 169 388
3 44 58 115 169 388
33 47 61 115 169 388
32 46 59 115 169 388
4 45 60 115 169 388
8 17 40 115 169 388
9 11 39 115 169 388
5 19 34 115 169 388
15 18 38 126 158 384
10 16 41 126 158 384
7 14 54 126 158 384
22 37 57 126 158 384
23 31 62 126 158 384
20 27 48 126 158 384
24 43 55 126 158 384
29 30 50 126 158 384
26 42 51 126 158 384
12 35 56 126 158 384
6 13 36 126 158 384
21 28 52 126 158 384
25 49 53 126 158 384
3 44 58 126 158 384
33 47 61 126 158 384
32 46 59 126 158 384
4 45 60 126 158 384
8 17 40 126 158 384
9 11 39 126 158 384
5 19 34 126 158 384
15 18 38 107 139 517
10 16 41 107 139 517
7 14 54 107 139 517
22 37 57 107 139 517
23 31 62 107 139 517
20 27 48 107 139 517
24 43 55 107 139 517
29 30 50 107 139 517
26 42 51 107 139 517
12 35 56 107 139 517
6 13 36 107 139 517
21 28 52 107 139 517
25 49 53 107 139 517
3 44 58 107 139 517
33 47 61 107 139 517
32 46 59 107 139 517
4 45 60 107 139 517
8 17 40 107 139 517
9 11 39 107 139 517
5 19 34 107 139 517
15 18 38 118 137 518
10 16 41 118 137 518
7 14 54 118 137 518
22 37 57 118 137 518
23 31 62 118 137 518
20 27 48 118 137 518
24 43 55 118 137 518
29 30 50 118 137 518
26 42 51 118 137 518
12 35 56 118 137 518
6 13 36 118 137 518
21 28 52 118 137 518
25 49 53 118 137 518
3 44 58 118 137 518
33 47 61 118 137 518
32 46 59 118 137 518
4 45 60 118 137 518
8 17 40 118 137 518
9 11 39 118 137 518
5 19 34 118 137 518
15 18 38 129 319 530
10 16 41 129 319 530
7 14 54 129 319 530
22 37 57 129 319 530
23 31 62 129 319 530
20 27 48 129 319 530
24 43 55 129 319 530
29 30 50 129 319 530
26 42 51 129 319 530
12 35 56 129 319 530
6 13 36 129 319 530
21 28 52 129 319 530
25 49 53 129 319 530
3 44 58 129 319 530
33 47 61 129 319 530
32 46 59 129 319 530
4 45 60 129 319 530
8 17 40 129 319 530
9 11 39 129 319 530
5 19 34 129 319 530
15 18 38 203 339 543
10 16 41 203 339 543
7 14 54 203 339 543
22 37 57 203 339 543
23 31 62 203 339 543
20 27 48 203 339 543
24 43 55 203 339 543
29 30 50 203 339 543
26 42 51 203 339 543
12 35 56 203 339 543
6 13 36 203 339 543
21 28 52 203 339 543
25 49 53 203 339 543
3 44 58 203 339 543
33 47 61 203 339 543
32 46 59 203 339 543
4 45 60 203 339 543
8 17 40 203 339 543
9 11 39 203 339 543
5 19 34 203 339 543
15 18 38 225 337 538
10 16 41 225 337 538
7 14 54 225 337 538
22 37 57 225 337 538
23 31 62 225 337 538
20 27 48 225 337 538
24 43 55 225 337 538
29 30 50 225 337 538
26 42 51 225 337 538
12 35 56 225 337 538
6 13 36 225 337 538
21 28 52 225 337 538
25 49 53 225 337 538
3 44 58 225 337 538
33 47 61 225 337 538
32 46 59 225 337 538
4 45 60 225 337 538
8 17 40 225 337 538
9 11 39 225 337 538
5 19 34 225 337 538
15 18 38 226 287 569
10 16 41 226 287 569
7 14 54 226 287 569
22 37 57 226 287 569
23 31 62 226 287 569
20 27 48 226 287 569
24 43 55 226 287 569
29 30 50 226 287 569
26 42 51 226 287 569
12 35 56 226 287 569
6 13 36 226 287 569
21 28 52 226 287 569
25 49 53 226 287 569
3 44 58 226 287 569
33 47 61 226 287 569
32 46 59 226 287 569
4 45 60 226 287 569
8 17 40 226 287 569
9 11 39 226 287 569
5 19 34 226 287 569
15 18 38 219 290 563
10 16 41 219 290 563
7 14 54 219 290 563
22 37 57 219 290 563
23 31 62 219 290 563
20 27 48 219 290 563
24 43 55 219 290 563
29 30 50 219 290 563
26 42 51 219 290 563
12 35 56 219 290 563
6 13 36 219 290 563
21 28 52 219 290 563
25 49 53 219 290 563
3 44 58 219 290 563
33 47 61 219 290 563
32 46 59 219 290 563
4 45 60 219 290 563
8 17 40 219 290 563
9 11 39 219 290 563
5 19 34 219 290 563
15 18 38 215 297 565
10 16 41 215 297 565
7 14 54 215 297 565
22 37 57 215 297 565
23 31 62 215 297 565
20 27 48 215 297 565
24 43 55 215 297 565
29 30 50 215 297 565
26 42 51 215 297 565
12 35 56 215 297 565
6 13 36 215 297 565
21 28 52 215 297 565
25 49 53 215 297 565
3 44 58 215 297 565
33 47 61 215 297 565
32 46 59 215 297 565
4 45 60 215 297 565
8 17 40 215 297 565
9 11 39 215 297 565
5 19 34 215 297 565
15 18 38 222 300 562
10 16 41 222 300 562
7 14 54 222 300 562
22 37 57 222 300 562
23 31 62 222 300 562
20 27 48 222 300 562
24 43 55 222 300 562
29 30 50 222 300 562
26 42 51 222 300 562
12 35 56 222 300 562
6 13 36 222 300 562
21 28 52 222 300 562
25 49 53 222 300 562
3 44 58 222 300 562
33 47 61 222 300 562
32 46 59 222 300 562
4 45 60 222 300 562
8 17 40 222 300 562
9 11 39 222 300 562
5 19 34 222 300 562
15 18 38 176 307 455
10 16 41 176 307 455
7 14 54 176 307 455
22 37 57 176 307 455
23 31 62 176 307 455
20 27 48 176 307 455
24 43 55 176 307 455
29 30 50 176 307 455
26 42 51 176 307 455
12 35 56 176 307 455
6 13 36 176 307 455
21 28 52 176 307 455
25 49 53 176 307 455
3 44 58 176 307 455
33 47 61 176 307 455
32 46 59 176 307 455
4 45 60 176 307 455
8 17 40 176 307 455
9 11 39 176 307 455
5 19 34 176 307 455
15 18 38 193 311 453
10 16 41 193 311 453
7 14 54 193 311 453
22 37 57 193 311 453
23 31 62 193 311 453
20 27 48 193 311 453
24 43 55 193 311 453
29 30 50 193 311 453
26 42 51 193 311 453
12 35 56 193 311 453
6 13 36 193 311 453
21 28 52 193 311 453
25 49 53 193 311 453
3 44 58 193 311 453
33 47 61 193 311 453
32 46 59 193 311 453
4 45 60 193 311 453
8 17 40 193 311 453
9 11 39 193 311 453
5 19 34 193 311 453
15 18 38 195 313 443
10 16 41 195 313 443
7 14 54 195 313 443
22 37 57 195 313 443
23 31 62 195 313 443
20 27 48 195 313 443
24 43 55 195 313 443
29 30 50 195 313 443
26 42 51 195 313 443
12 35 56 195 313 443
6 13 36 195 313 443
21 28 52 195 313 443
25 49 53 195 313 443
3 44 58 195 313 443
33 47 61 195 313 443
32 46 59 195 313 443
4 45 60 195 313 443
8 17 40 195 313 443
9 11 39 195 313 443
5 19 34 195 313 443
15 18 38 197 263 470
10 16 41 197 263 470
7 14 54 197 263 470
22 37 57 197 263 470
23 31 62 197 263 470
20 27 48 197 263 470
24 43 55 197 263 470
29 30 50 197 263 470
26 42 51 197 263 470
12 35 56 197 263 470
6 13 36 197 263 470
21 28 52 197 263 470
25 49 53 197 263 470
3 44 58 197 263 470
33 47 61 197 263 470
32 46 59 197 263 470
4 45 60 197 263 470
8 17 40 197 263 470
9 11 39 197 263 470
5 19 34 197 263 470
15 18 38 268 460 489
10 16 41 268 460 489
7 14 54 268 460 489
22 37 57 268 460 489
23 31 62 268 460 489
20 27 48 268 460 489
24 43 55 268 460 489
29 30 50 268 460 489
26 42 51 268 460 489
12 35 56 268 460 489
6 13 36 268 460 489
21 28 52 268 460 489
25 49 53 268 460 489
3 44 58 268 460 489
33 47 61 268 460 489
32 46 59 268 460 489
4 45 60 268 460 489
8 17 40 268 460 489
9 11 39 268 460 489
5 19 34 268 460 489
15 18 38 231 476 502
10 16 41 231 476 502
7 14 54 231 476 502
22 37 57 231 476 502
23 31 62 231 476 502
20 27 48 231 476 502
24 43 55 231 476 502
29 30 50 231 476 502
26 42 51 231 476 502
12 35 56 231 476 502
6 13 36 231 476 502
21 28 52 231 476 502
25 49 53 231 476 502
3 44 58 231 476 502
33 47 61 231 476 502
32 46 59 231 476 502
4 45 60 231 476 502
8 17 40 231 476 502
9 11 39 231 476 502
5 19 34 231 476 502
15 18 38 234 477 501
10 16 41 234 477 501
7 14 54 234 477 501
22 37 57 234 477 501
23 31 62 234 477 501
20 27 48 234 477 501
24 43 55 234 477 501
29 30 50 234 477 501
26 42 51 234 477 501
12 35 56 234 477 501
6 13 36 234 477 501
21 28 52 234 477 501
25 49 53 234 477 501
3 44 58 234 477 501
33 47 61 234 477 501
32 46 59 234 477 501
4 45 60 234 477 501
8 17 40 234 477 501
9 11 39 234 477 501
5 19 34 234 477 501
15 18 38 243 457 496
10 16 41 243 457 496
7 14 54 243 457 496
22 37 57 243 457 496
23 31 62 243 457 496
20 27 48 243 457 496
24 43 55 243 457 496
29 30 50 243 457 496
26 42 51 243 457 496
12 35 56 243 457 496
6 13 36 243 457 496
21 28 52 243 457 496
25 49 53 243 457 496
3 44 58 243 457 496
33 47 61 243 457 496
32 46 59 243 457 496
4 45 60 243 457 496
8 17 40 243 457 496
9 11 39 243 457 496
5 19 34 243 457 496
15 18 38 181 244 458
10 16 41 181 244 458
7 14 54 181 244 458
22 37 57 181 244 458
23 31 62 181 244 458
20 27 48 181 244 458
24 43 55 181 244 458
29 30 50 181 244 458
26 42 51 181 244 458
12 35 56 181 244 458
6 13 36 181 244 458
21 28 52 181 244 458
25 49 53 181 244 458
3 44 58 181 244 458
33 47 61 181 244 458
32 46 59 181 244 458
4 45 60 181 244 458
8 17 40 181 244 458
9 11 39 181 244 458
5 19 34 181 244 458
15 18 38 179 249 442
10 16 41 179 249 442
7 14 54 179 249 442
22 37 57 179 249 442
23 31 62 179 249 442
20 27 48 179 249 442
24 43 55 179 249 442
29 30 50 179 249 442
26 42 51 179 249 442
12 35 56 179 249 442
6 13 36 179 249 442
21 28 52 179 249 442
25 49 53 179 249 442
3 44 58 179 249 442
33 47 61 179 249 442
32 46 59 179 249 442
4 45 60 179 249 442
8 17 40 179 249 442
9 11 39 179 249 442
5 19 34 179 249 442
15 18 38 83 256 451
10 16 41 83 256 451
7 14 54 83 256 451
22 37 57 83 256 451
23 31 62 83 256 451
20 27 48 83 256 451
24 43 55 83 256 451
29 30 50 83 256 451
26 42 51 83 256 451
12 35 56 83 256 451
6 13 36 83 256 451
21 28 52 83 256 451
25 49 53 83 256 451
3 44 58 83 256 451
33 47 61 83 256 451
32 46 59 83 256 451
4 45 60 83 256 451
8 17 40 83 256 451
9 11 39 83 256 451
5 19 34 83 256 451
15 18 38 174 254 448
10 16 41 174 254 448
7 14 54 174 254 448
22 37 57 174 254 448
23 31 62 174 254 448
20 27 48 174 254 448
24 43 55 174 254 448
29 30 50 174 254 448
26 42 51 174 254 448
12 35 56 174 254 448
6 13 36 174 254 448
21 28 52 174 254 448
25 49 53 174 254 448
3 44 58 174 254 448
33 47 61 174 254 448
32 46 59 174 254 448
4 45 60 174 254 448
8 17 40 174 254 448
9 11 39 174 254 448
5 19 34 174 254 448
15 18 38 82 258 445
10 16 41 82 258 445
7 14 54 82 258 445
22 37 57 82 258 445
23 31 62 82 258 445
20 27 48 82 258 445
24 43 55 82 258 445
29 30 50 82 258 445
26 42 51 82 258 445
12 35 56 82 258 445
6 13 36 82 258 445
21 28 52 82 258 445
25 49 53 82 258 445
3 44 58 82 258 445
33 47 61 82 258 445
32 46 59 82 258 445
4 45 60 82 258 445
8 17 40 82 258 445
9 11 39 82 258 445
5 19 34 82 258 445
15 18 38 172 418 466
10 16 41 172 418 466
7 14 54 172 418 466
22 37 57 172 418 466
23 31 62 172 418 466
20 27 48 172 418 466
24 43 55 172 418 466
29 30 50 172 418 466
26 42 51 172 418 466
12 35 56 172 418 466
6 13 36 172 418 466
21 28 52 172 418 466
25 49 53 172 418 466
3 44 58 172 418 466
33 47 61 172 418 466
32 46 59 172 418 466
4 45 60 172 418 466
8 17 40 172 418 466
9 11 39 172 418 466
5 19 34 172 418 466
15 18 38 85 439 537
10 16 41 85 439 537
7 14 54 85 439 537
22 37 57 85 439 537
23 31 62 85 439 537
20 27 48 85 439 537
24 43 55 85 439 537
29 30 50 85 439 537
26 42 51 85 439 537
12 35 56 85 439 537
6 13 36 85 439 537
21 28 52 85 439 537
25 49 53 85 439 537
3 44 58 85 439 537
33 47 61 85 439 537
32 46 59 85 439 537
4 45 60 85 439 537
8 17 40 85 439 537
9 11 39 85 439 537
5 19 34 85 439 537
15 18 38 199 440 566
10 16 41 199 440 566
7 14 54 199 440 566
22 37 57 199 440 566
23 31 62 199 440 566
20 27 48 199 440 566
24 43 55 199 440 566
29 30 50 199 440 566
26 42 51 199 440 566
12 35 56 199 440 566
6 13 36 199 440 566
21 28 52 199 440 566
25 49 53 199 440 566
3 44 58 199 440 566
33 47 61 199 440 566
32 46 59 199 440 566
4 45 60 199 440 566
8 17 40 199 440 566
9 11 39 199 440 566
5 19 34 199 440 566
15 18 38 223 401 560
10 16 41 223 401 560
7 14 54 223 401 560
22 37 57 223 401 560
23 31 62 223 401 560
20 27 48 223 401 560
24 43 55 223 401 560
29 30 50 223 401 560
26 42 51 223 401 560
12 35 56 223 401 560
6 13 36 223 401 560
21 28 52 223 401 560
25 49 53 223 401 560
3 44 58 223 401 560
33 47 61 223 401 560
32 46 59 223 401 560
4 45 60 223 401 560
8 17 40 223 401 560
9 11 39 223 401 560
5 19 34 223 401 560
15 18 38 214 404 512
10 16 41 214 404 512
7 14 54 214 404 512
22 37 57 214 404 512
23 31 62 214 404 512
20 27 48 214 404 512
24 43 55 214 404 512
29 30 50 214 404 512
26 42 51 214 404 512
12 35 56 214 404 512
6 13 36 214 404 512
21 28 52 214 404 512
25 49 53 214 404 512
3 44 58 214 404 512
33 47 61 214 404 512
32 46 59 214 404 512
4 45 60 214 404 512
8 17 40 214 404 512
9 11 39 214 404 512
5 19 34 214 404 512
15 18 38 122 408 511
10 16 41 122 408 511
7 14 54 122 408 511
22 37 57 122 408 511
23 31 62 122 408 511
20 27 48 122 408 511
24 43 55 122 408 511
29 30 50 122 408 511
26 42 51 122 408 511
12 35 56 122 408 511
6 13 36 122 408 511
21 28 52 122 408 511
25 49 53 122 408 511
3 44 58 122 408 511
33 47 61 122 408 511
32 46 59 122 408 511
4 45 60 122 408 511
8 17 40 122 408 511
9 11 39 122 408 511
5 19 34 122 408 511
15 18 38 117 411 510
10 16 41 117 411 510
7 14 54 117 411 510
22 37 57 117 411 510
23 31 62 117 411 510
20 27 48 117 411 510
24 43 55 117 411 510
29 30 50 117 411 510
26 42 51 117 411 510
12 35 56 117 411 510
6 13 36 117 411 510
21 28 52 117 411 510
25 49 53 117 411 510
3 44 58 117 411 510
33 47 61 117 411 510
32 46 59 117 411 510
4 45 60 117 411 510
8 17 40 117 411 510
9 11 39 117 411 510
5 19 34 117 411 510
15 18 38 79 377 528
10 16 41 79 377 528
7 14 54 79 377 528
22 37 57 79 377 528
23 31 62 79 377 528
20 27 48 79 377 528
24 43 55 79 377 528
29 30 50 79 377 528
26 42 51 79 377 528
12 35 56 79 377 528
6 13 36 79 377 528
21 28 52 79 377 528
25 49 53 79 377 528
3 44 58 79 377 528
33 47 61 79 377 528
32 46 59 79 377 528
4 45 60 79 377 528
8 17 40 79 377 528
9 11 39 79 377 528
5 19 34 79 377 528
15 18 38 132 380 531
10 16 41 132 380 531
7 14 54 132 380 531
22 37 57 132 380 531
23 31 62 132 380 531
20 27 48 132 380 531
24 43 55 132 380 531
29 30 50 132 380 531
26 42 51 132 380 531
12 35 56 132 380 531
6 13 36 132 380 531
21 28 52 132 380 531
25 49 53 132 380 531
3 44 58 132 380 531
33 47 61 132 380 531
32 46 59 132 380 531
4 45 60 132 380 531
8 17 40 132 380 531
9 11 39 132 380 531
5 19 34 132 380 531
15 18 38 134 372 379
10 16 41 134 372 379
7 14 54 134 372 379
22 37 57 134 372 379
23 31 62 134 372 379
20 27 48 134 372 379
24 43 55 134 372 379
29 30 50 134 372 379
26 42 51 134 372 379
12 35 56 134 372 379
6 13 36 134 372 379
21 28 52 134 372 379
25 49 53 134 372 379
3 44 58 134 372 379
33 47 61 134 372 379
32 46 59 134 372 379
4 45 60 134 372 379
8 17 40 134 372 379
9 11 39 134 372 379
5 19 34 134 372 379
15 18 38 80 370 387
10 16 41 80 370 387
7 14 54 80 370 387
22 37 57 80 370 387
23 31 62 80 370 387
20 27 48 80 370 387
24 43 55 80 370 387
29 30 50 80 370 387
26 42 51 80 370 387
12 35 56 80 370 387
6 13 36 80 370 387
21 28 52 80 370 387
25 49 53 80 370 387
3 44 58 80 370 387
33 47 61 80 370 387
32 46 59 80 370 387
4 45 60 80 370 387
8 17 40 80 370 387
9 11 39 80 370 387
5 19 34 80 370 387
15 18 38 170 344 383
10 16 41 170 344 383
7 14 54 170 344 383
22 37 57 170 344 383
23 31 62 170 344 383
20 27 48 170 344 383
24 43 55 170 344 383
29 30 50 170 344 383
26 42 51 170 344 383
12 35 56 170 344 383
6 13 36 170 344 383
21 28 52 170 344 383
25 49 53 170 344 383
3 44 58 170 344 383
33 47 61 170 344 383
32 46 59 170 344 383
4 45 60 170 344 383
8 17 40 170 344 383
9 11 39 170 344 383
5 19 34 170 344 383
15 18 38 81 347 349
10 16 41 81 347 349
7 14 54 81 347 349
22 37 57 81 347 349
23 31 62 81 347 349
20 27 48 81 347 349
24 43 55 81 347 349
29 30 50 81 347 349
26 42 51 81 347 349
12 35 56 81 347 349
6 13 36 81 347 349
21 28 52 81 347 349
25 49 53 81 347 349
3 44 58 81 347 349
33 47 61 81 347 349
32 46 59 81 347 349
4 45 60 81 347 349
8 17 40 81 347 349
9 11 39 81 347 349
5 19 34 81 347 349
15 18 38 155 346 350
10 16 41 155 346 350
7 14 54 155 346 350
22 37 57 155 346 350
23 31 62 155 346 350
20 27 48 155 346 350
24 43 55 155 346 350
29 30 50 155 346 350
26 42 51 155 346 350
12 35 56 155 346 350
6 13 36 155 346 350
21 28 52 155 346 350
25 49 53 155 346 350
3 44 58 155 346 350
33 47 61 155 346 350
32 46 59 155 346 350
4 45 60 155 346 350
8 17 40 155 346 350
9 11 39 155 346 350
5 19 34 155 346 350
15 18 38 298 342 359
10 16 41 298 342 359
7 14 54 298 342 359
22 37 57 298 342 359
23 31 62 298 342 359
20 27 48 298 342 359
24 43 55 298 342 359
29 30 50 298 342 359
26 42 51 298 342 359
12 35 56 298 342 359
6 13 36 298 342 359
21 28 52 298 342 359
25 49 53 298 342 359
3 44 58 298 342 359
33 47 61 298 342 359
32 46 59 298 342 359
4 45 60 298 342 359
8 17 40 298 342 359
9 11 39 298 342 359
5 19 34 298 342 359
15 18 38 90 357 364
10 16 41 90 357 364
7 14 54 90 357 364
22 37 57 90 357 364
23 31 62 90 357 364
20 27 48 90 357 364
24 43 55 90 357 364
29 30 50 90 357 364
26 42 51 90 357 364
12 35 56 90 357 364
6 13 36 90 357 364
21 28 52 90 357 364
25 49 53 90 357 364
3 44 58 90 357 364
33 47 61 90 357 364
32 46 59 90 357 364
4 45 60 90 357 364
8 17 40 90 357 364
9 11 39 90 357 364
5 19 34 90 357 364
15 18 38 321 427 556
10 16 41 321 427 556
7 14 54 321 427 556
22 37 57 321 427 556
23 31 62 321 427 556
20 27 48 321 427 556
24 43 55 321 427 556
29 30 50 321 427 556
26 42 51 321 427 556
12 35 56 321 427 556
6 13 36 321 427 556
21 28 52 321 427 556
25 49 53 321 427 556
3 44 58 321 427 556
33 47 61 321 427 556
32 46 59 321 427 556
4 45 60 321 427 556
8 17 40 321 427 556
9 11 39 321 427 556
5 19 34 321 427 556
15 18 38 92 420 564
10 16 41 92 420 564
7 14 54 92 420 564
22 37 57 92 420 564
23 31 62 92 420 564
20 27 48 92 420 564
24 43 55 92 420 564
29 30 50 92 420 564
26 42 51 92 420 564
12 35 56 92 420 564
6 13 36 92 420 564
21 28 52 92 420 564
25 49 53 92 420 564
3 44 58 92 420 564
33 47 61 92 420 564
32 46 59 92 420 564
4 45 60 92 420 564
8 17 40 92 420 564
9 11 39 92 420 564
5 19 34 92 420 564
15 18 38 316 419 570
10 16 41 316 419 570
7 14 54 316 419 570
22 37 57 316 419 570
23 31 62 316 419 570
20 27 48 316 419 570
24 43 55 316 419 570
29 30 50 316 419 570
26 42 51 316 419 570
12 35 56 316 419 570
6 13 36 316 419 570
21 28 52 316 419 570
25 49 53 316 419 570
3 44 58 316 419 570
33 47 61 316 419 570
32 46 59 316 419 570
4 45 60 316 419 570
8 17 40 316 419 570
9 11 39 316 419 570
5 19 34 316 419 570
15 18 38 91 438 571
10 16 41 91 438 571
7 14 54 91 438 571
22 37 57 91 438 571
23 31 62 91 438 571
20 27 48 91 438 571
24 43 55 91 438 571
29 30 50 91 438 571
26 42 51 91 438 571
12 35 56 91 438 571
6 13 36 91 438 571
21 28 52 91 438 571
25 49 53 91 438 571
3 44 58 91 438 571
33 47 61 91 438 571
32 46 59 91 438 571
4 45 60 91 438 571
8 17 40 91 438 571
9 11 39 91 438 571
5 19 34 91 438 571
15 18 38 334 430 516
10 16 41 334 430 516
7 14 54 334 430 516
22 37 57 334 430 516
23 31 62 334 430 516
20 27 48 334 430 516
24 43 55 334 430 516
29 30 50 334 430 516
26 42 51 334 430 516
12 35 56 334 430 516
6 13 36 334 430 516
21 28 52 334 430 516
25 49 53 334 430 516
3 44 58 334 430 516
33 47 61 334 430 516
32 46 59 334 430 516
4 45 60 334 430 516
8 17 40 334 430 516
9 11 39 334 430 516
5 19 34 334 430 516
15 18 38 324 398 519
10 16 41 324 398 519
7 14 54 324 398 519
22 37 57 324 398 519
23 31 62 324 398 519
20 27 48 324 398 519
24 43 55 324 398 519
29 30 50 324 398 519
26 42 51 324 398 519
12 35 56 324 398 519
6 13 36 324 398 519
21 28 52 324 398 519
25 49 53 324 398 519
3 44 58 324 398 519
33 47 61 324 398 519
32 46 59 324 398 519
4 45 60 324 398 519
8 17 40 324 398 519
9 11 39 324 398 519
5 19 34 324 398 519
15 18 38 325 397 520
10 16 41 325 397 520
7 14 54 325 397 520
22 37 57 325 397 520
23 31 62 325 397 520
20 27 48 325 397 520
24 43 55 325 397 520
29 30 50 325 397 520
26 42 51 325 397 520
12 35 56 325 397 520
6 13 36 325 397 520
21 28 52 325 397 520
25 49 53 325 397 520
3 44 58 325 397 520
33 47 61 325 397 520
32 46 59 325 397 520
4 45 60 325 397 520
8 17 40 325 397 520
9 11 39 325 397 520
5 19 34 325 397 520
15 18 38 328 394 525
10 16 41 328 394 525
7 14 54 328 394 525
22 37 57 328 394 525
23 31 62 328 394 525
20 27 48 328 394 525
24 43 55 328 394 525
29 30 50 328 394 525
26 42 51 328 394 525
12 35 56 328 394 525
6 13 36 328 394 525
21 28 52 328 394 525
25 49 53 328 394 525
3 44 58 328 394 525
33 47 61 328 394 525
32 46 59 328 394 525
4 45 60 328 394 525
8 17 40 328 394 525
9 11 39 328 394 525
5 19 34 328 394 525
15 18 38 330 402 524
10 16 41 330 402 524
7 14 54 330 402 524
22 37 57 330 402 524
23 31 62 330 402 524
20 27 48 330 402 524
24 43 55 330 402 524
29 30 50 330 402 524
26 42 51 330 402 524
12 35 56 330 402 524
6 13 36 330 402 524
21 28 52 330 402 524
25 49 53 330 402 524
3 44 58 330 402 524
33 47 61 330 402 524
32 46 59 330 402 524
4 45 60 330 402 524
8 17 40 330 402 524
9 11 39 330 402 524
5 19 34 330 402 524
15 18 38 239 389 535
10 16 41 239 389 535
7 14 54 239 389 535
22 37 57 239 389 535
23 31 62 239 389 535
20 27 48 239 389 535
24 43 55 239 389 535
29 30 50 239 389 535
26 42 51 239 389 535
12 35 56 239 389 535
6 13 36 239 389 535
21 28 52 239 389 535
25 49 53 239 389 535
3 44 58 239 389 535
33 47 61 239 389 535
32 46 59 239 389 535
4 45 60 239 389 535
8 17 40 239 389 535
9 11 39 239 389 535
5 19 34 239 389 535
15 18 38 252 405 482
10 16 41 252 405 482
7 14 54 252 405 482
22 37 57 252 405 482
23 31 62 252 405 482
20 27 48 252 405 482
24 43 55 252 405 482
29 30 50 252 405 482
26 42 51 252 405 482
12 35 56 252 405 482
6 13 36 252 405 482
21 28 52 252 405 482
25 49 53 252 405 482
3 44 58 252 405 482
33 47 61 252 405 482
32 46 59 252 405 482
4 45 60 252 405 482
8 17 40 252 405 482
9 11 39 252 405 482
5 19 34 252 405 482
15 18 38 242 267 491
10 16 41 242 267 491
7 14 54 242 267 491
22 37 57 242 267 491
23 31 62 242 267 491
20 27 48 242 267 491
24 43 55 242 267 491
29 30 50 242 267 491
26 42 51 242 267 491
12 35 56 242 267 491
6 13 36 242 267 491
21 28 52 242 267 491
25 49 53 242 267 491
3 44 58 242 267 491
33 47 61 242 267 491
32 46 59 242 267 491
4 45 60 242 267 491
8 17 40 242 267 491
9 11 39 242 267 491
5 19 34 242 267 491
15 18 38 87 261 497
10 16 41 87 261 497
7 14 54 87 261 497
22 37 57 87 261 497
23 31 62 87 261 497
20 27 48 87 261 497
24 43 55 87 261 497
29 30 50 87 261 497
26 42 51 87 261 497
12 35 56 87 261 497
6 13 36 87 261 497
21 28 52 87 261 497
25 49 53 87 261 497
3 44 58 87 261 497
33 47 61 87 261 497
32 46 59 87 261 497
4 45 60 87 261 497
8 17 40 87 261 497
9 11 39 87 261 497
5 19 34 87 261 497
15 18 38 264 275 506
10 16 41 264 275 506
7 14 54 264 275 506
22 37 57 264 275 506
23 31 62 264 275 506
20 27 48 264 275 506
24 43 55 264 275 506
29 30 50 264 275 506
26 42 51 264 275 506
12 35 56 264 275 506
6 13 36 264 275 506
21 28 52 264 275 506
25 49 53 264 275 506
3 44 58 264 275 506
33 47 61 264 275 506
32 46 59 264 275 506
4 45 60 264 275 506
8 17 40 264 275 506
9 11 39 264 275 506
5 19 34 264 275 506
15 18 38 88 283 444
10 16 41 88 283 444
7 14 54 88 283 444
22 37 57 88 283 444
23 31 62 88 283 444
20 27 48 88 283 444
24 43 55 88 283 444
29 30 50 88 283 444
26 42 51 88 283 444
12 35 56 88 283 444
6 13 36 88 283 444
21 28 52 88 283 444
25 49 53 88 283 444
3 44 58 88 283 444
33 47 61 88 283 444
32 46 59 88 283 444
4 45 60 88 283 444
8 17 40 88 283 444
9 11 39 88 283 444
5 19 34 88 283 444
15 18 38 278 279 450
10 16 41 278 279 450
7 14 54 278 279 450
22 37 57 278 279 450
23 31 62 278 279 450
20 27 48 278 279 450
24 43 55 278 279 450
29 30 50 278 279 450
26 42 51 278 279 450
12 35 56 278 279 450
6 13 36 278 279 450
21 28 52 278 279 450
25 49 53 278 279 450
3 44 58 278 279 450
33 47 61 278 279 450
32 46 59 278 279 450
4 45 60 278 279 450
8 17 40 278 279 450
9 11 39 278 279 450
5 19 34 278 279 450
15 18 38 236 391 465
10 16 41 236 391 465
7 14 54 236 391 465
22 37 57 236 391 465
23 31 62 236 391 465
20 27 48 236 391 465
24 43 55 236 391 465
29 30 50 236 391 465
26 42 51 236 391 465
12 35 56 236 391 465
6 13 36 236 391 465
21 28 52 236 391 465
25 49 53 236 391 465
3 44 58 236 391 465
33 47 61 236 391 465
32 46 59 236 391 465
4 45 60 236 391 465
8 17 40 236 391 465
9 11 39 236 391 465
5 19 34 236 391 465
15 18 38 99 255 468
10 16 41 99 255 468
7 14 54 99 255 468
22 37 57 99 255 468
23 31 62 99 255 468
20 27 48 99 255 468
24 43 55 99 255 468
29 30 50 99 255 468
26 42 51 99 255 468
12 35 56 99 255 468
6 13 36 99 255 468
21 28 52 99 255 468
25 49 53 99 255 468
3 44 58 99 255 468
33 47 61 99 255 468
32 46 59 99 255 468
4 45 60 99 255 468
8 17 40 99 255 468
9 11 39 99 255 468
5 19 34 99 255 468
15 18 38 206 246 413
10 16 41 206 246 413
7 14 54 206 246 413
22 37 57 206 246 413
23 31 62 206 246 413
20 27 48 206 246 413
24 43 55 206 246 413
29 30 50 206 246 413
26 42 51 206 246 413
12 35 56 206 246 413
6 13 36 206 246 413
21 28 52 206 246 413
25 49 53 206 246 413
3 44 58 206 246 413
33 47 61 206 246 413
32 46 59 206 246 413
4 45 60 206 246 413
8 17 40 206 246 413
9 11 39 206 246 413
5 19 34 206 246 413
15 18 38 202 245 415
10 16 41 202 245 415
7 14 54 202 245 415
22 37 57 202 245 415
23 31 62 202 245 415
20 27 48 202 245 415
24 43 55 202 245 415
29 30 50 202 245 415
26 42 51 202 245 415
12 35 56 202 245 415
6 13 36 202 245 415
21 28 52 202 245 415
25 49 53 202 245 415
3 44 58 202 245 415
33 47 61 202 245 415
32 46 59 202 245 415
4 45 60 202 245 415
8 17 40 202 245 415
9 11 39 202 245 415
5 19 34 202 245 415
15 18 38 208 251 409
10 16 41 208 251 409
7 14 54 208 251 409
22 37 57 208 251 409
23 31 62 208 251 409
20 27 48 208 251 409
24 43 55 208 251 409
29 30 50 208 251 409
26 42 51 208 251 409
12 35 56 208 251 409
6 13 36 208 251 409
21 28 52 208 251 409
25 49 53 208 251 409
3 44 58 208 251 409
33 47 61 208 251 409
32 46 59 208 251 409
4 45 60 208 251 409
8 17 40 208 251 409
9 11 39 208 251 409
5 19 34 208 251 409
15 18 38 212 250 406
10 16 41 212 250 406
7 14 54 212 250 406
22 37 57 212 250 406
23 31 62 212 250 406
20 27 48 212 250 406
24 43 55 212 250 406
29 30 50 212 250 406
26 42 51 212 250 406
12 35 56 212 250 406
6 13 36 212 250 406
21 28 52 212 250 406
25 49 53 212 250 406
3 44 58 212 250 406
33 47 61 212 250 406
32 46 59 212 250 406
4 45 60 212 250 406
8 17 40 212 250 406
9 11 39 212 250 406
5 19 34 212 250 406
15 18 38 182 295 429
10 16 41 182 295 429
7 14 54 182 295 429
22 37 57 182 295 429
23 31 62 182 295 429
20 27 48 182 295 429
24 43 55 182 295 429
29 30 50 182 295 429
26 42 51 182 295 429
12 35 56 182 295 429
6 13 36 182 295 429
21 28 52 182 295 429
25 49 53 182 295 429
3 44 58 182 295 429
33 47 61 182 295 429
32 46 59 182 295 429
4 45 60 182 295 429
8 17 40 182 295 429
9 11 39 182 295 429
5 19 34 182 295 429
15 18 38 185 294 431
10 16 41 185 294 431
7 14 54 185 294 431
22 37 57 185 294 431
23 31 62 185 294 431
20 27 48 185 294 431
24 43 55 185 294 431
29 30 50 185 294 431
26 42 51 185 294 431
12 35 56 185 294 431
6 13 36 185 294 431
21 28 52 185 294 431
25 49 53 185 294 431
3 44 58 185 294 431
33 47 61 185 294 431
32 46 59 185 294 431
4 45 60 185 294 431
8 17 40 185 294 431
9 11 39 185 294 431
5 19 34 185 294 431
15 18 38 94 190 288
10 16 41 94 190 288
7 14 54 94 190 288
22 37 57 94 190 288
23 31 62 94 190 288
20 27 48 94 190 288
24 43 55 94 190 288
29 30 50 94 190 288
26 42 51 94 190 288
12 35 56 94 190 288
6 13 36 94 190 288
21 28 52 94 190 288
25 49 53 94 190 288
3 44 58 94 190 288
33 47 61 94 190 288
32 46 59 94 190 288
4 45 60 94 190 288
8 17 40 94 190 288
9 11 39 94 190 288
5 19 34 94 190 288
15 18 38 191 291 348
10 16 41 191 291 348
7 14 54 191 291 348
22 37 57 191 291 348
23 31 62 191 291 348
20 27 48 191 291 348
24 43 55 191 291 348
29 30 50 191 291 348
26 42 51 191 291 348
12 35 56 191 291 348
6 13 36 191 291 348
21 28 52 191 291 348
25 49 53 191 291 348
3 44 58 191 291 348
33 47 61 191 291 348
32 46 59 191 291 348
4 45 60 191 291 348
8 17 40 191 291 348
9 11 39 191 291 348
5 19 34 191 291 348
15 18 38 198 306 343
10 16 41 198 306 343
7 14 54 198 306 343
22 37 57 198 306 343
23 31 62 198 306 343
20 27 48 198 306 343
24 43 55 198 306 343
29 30 50 198 306 343
26 42 51 198 306 343
12 35 56 198 306 343
6 13 36 198 306 343
21 28 52 198 306 343
25 49 53 198 306 343
3 44 58 198 306 343
33 47 61 198 306 343
32 46 59 198 306 343
4 45 60 198 306 343
8 17 40 198 306 343
9 11 39 198 306 343
5 19 34 198 306 343
15 18 38 153 305 358
10 16 41 153 305 358
7 14 54 153 305 358
22 37 57 153 305 358
23 31 62 153 305 358
20 27 48 153 305 358
24 43 55 153 305 358
29 30 50 153 305 358
26 42 51 153 305 358
12 35 56 153 305 358
6 13 36 153 305 358
21 28 52 153 305 358
25 49 53 153 305 358
3 44 58 153 305 358
33 47 61 153 305 358
32 46 59 153 305 358
4 45 60 153 305 358
8 17 40 153 305 358
9 11 39 153 305 358
5 19 34 153 305 358
15 18 38 146 160 378
10 16 41 146 160 378
7 14 54 146 160 378
22 37 57 146 160 378
23 31 62 146 160 378
20 27 48 146 160 378
24 43 55 146 160 378
29 30 50 146 160 378
26 42 51 146 160 378
12 35 56 146 160 378
6 13 36 146 160 378
21 28 52 146 160 378
25 49 53 146 160 378
3 44 58 146 160 378
33 47 61 146 160 378
32 46 59 146 160 378
4 45 60 146 160 378
8 17 40 146 160 378
9 11 39 146 160 378
5 19 34 146 160 378
15 18 38 97 149 168
10 16 41 97 149 168
7 14 54 97 149 168
22 37 57 97 149 168
23 31 62 97 149 168
20 27 48 97 149 168
24 43 55 97 149 168
29 30 50 97 149 168
26 42 51 97 149 168
12 35 56 97 149 168
6 13 36 97 149 168
21 28 52 97 149 168
25 49 53 97 149 168
3 44 58 97 149 168
33 47 61 97 149 168
32 46 59 97 149 168
4 45 60 97 149 168
8 17 40 97 149 168
9 11 39 97 149 168
5 19 34 97 149 168
15 18 38 121 123 385
10 16 41 121 123 385
7 14 54 121 123 385
22 37 57 121 123 385
23 31 62 121 123 385
20 27 48 121 123 385
24 43 55 121 123 385
29 30 50 121 123 385
26 42 51 121 123 385
12 35 56 121 123 385
6 13 36 121 123 385
21 28 52 121 123 385
25 49 53 121 123 385
3 44 58 121 123 385
33 47 61 121 123 385
32 46 59 121 123 385
4 45 60 121 123 385
8 17 40 121 123 385
9 11 39 121 123 385
5 19 34 121 123 385
15 18 38 119 124 381
10 16 41 119 124 381
7 14 54 119 124 381
22 37 57 119 124 381
23 31 62 119 124 381
20 27 48 119 124 381
24 43 55 119 124 381
29 30 50 119 124 381
26 42 51 119 124 381
12 35 56 119 124 381
6 13 36 119 124 381
21 28 52 119 124 381
25 49 53 119 124 381
3 44 58 119 124 381
33 47 61 119 124 381
32 46 59 119 124 381
4 45 60 119 124 381
8 17 40 119 124 381
9 11 39 119 124 381
5 19 34 119 124 381
15 18 38 120 128 382
10 16 41 120 128 382
7 14 54 120 128 382
22 37 57 120 128 382
23 31 62 120 128 382
20 27 48 120 128 382
24 43 55 120 128 382
29 30 50 120 128 382
26 42 51 120 128 382
12 35 56 120 128 382
6 13 36 120 128 382
21 28 52 120 128 382
25 49 53 120 128 382
3 44 58 120 128 382
33 47 61 120 128 382
32 46 59 120 128 382
4 45 60 120 128 382
8 17 40 120 128 382
9 11 39 120 128 382
5 19 34 120 128 382
15 18 38 125 135 521
10 16 41 125 135 521
7 14 54 125 135 521
22 37 57 125 135 521
23 31 62 125 135 521
20 27 48 125 135 521
24 43 55 125 135 521
29 30 50 125 135 521
26 42 51 125 135 521
12 35 56 125 135 521
6 13 36 125 135 521
21 28 52 125 135 521
25 49 53 125 135 521
3 44 58 125 135 521
33 47 61 125 135 521
32 46 59 125 135 521
4 45 60 125 135 521
8 17 40 125 135 521
9 11 39 125 135 521
5 19 34 125 135 521
15 18 38 106 130 515
10 16 41 106 130 515
7 14 54 106 130 515
22 37 57 106 130 515
23 31 62 106 130 515
20 27 48 106 130 515
24 43 55 106 130 515
29 30 50 106 130 515
26 42 51 106 130 515
12 35 56 106 130 515
6 13 36 106 130 515
21 28 52 106 130 515
25 49 53 106 130 515
3 44 58 106 130 515
33 47 61 106 130 515
32 46 59 106 130 515
4 45 60 106 130 515
8 17 40 106 130 515
9 11 39 106 130 515
5 19 34 106 130 515
15 18 38 138 140 507
10 16 41 138 140 507
7 14 54 138 140 507
22 37 57 138 140 507
23 31 62 138 140 507
20 27 48 138 140 507
24 43 55 138 140 507
29 30 50 138 140 507
26 42 51 138 140 507
12 35 56 138 140 507
6 13 36 138 140 507
21 28 52 138 140 507
25 49 53 138 140 507
3 44 58 138 140 507
33 47 61 138 140 507
32 46 59 138 140 507
4 45 60 138 140 507
8 17 40 138 140 507
9 11 39 138 140 507
5 19 34 138 140 507
15 18 38 104 143 314
10 16 41 104 143 314
7 14 54 104 143 314
22 37 57 104 143 314
23 31 62 104 143 314
20 27 48 104 143 314
24 43 55 104 143 314
29 30 50 104 143 314
26 42 51 104 143 314
12 35 56 104 143 314
6 13 36 104 143 314
21 28 52 104 143 314
25 49 53 104 143 314
3 44 58 104 143 314
33 47 61 104 143 314
32 46 59 104 143 314
4 45 60 104 143 314
8 17 40 104 143 314
9 11 39 104 143 314
5 19 34 104 143 314
15 18 38 131 322 532
10 16 41 131 322 532
7 14 54 131 322 532
22 37 57 131 322 532
23 31 62 131 322 532
20 27 48 131 322 532
24 43 55 131 322 532
29 30 50 131 322 532
26 42 51 131 322 532
12 35 56 131 322 532
6 13 36 131 322 532
21 28 52 131 322 532
25 49 53 131 322 532
3 44 58 131 322 532
33 47 61 131 322 532
32 46 59 131 322 532
4 45 60 131 322 532
8 17 40 131 322 532
9 11 39 131 322 532
5 19 34 131 322 532
15 18 38 209 331 526
10 16 41 209 331 526
7 14 54 209 331 526
22 37 57 209 331 526
23 31 62 209 331 526
20 27 48 209 331 526
24 43 55 209 331 526
29 30 50 209 331 526
26 42 51 209 331 526
12 35 56 209 331 526
6 13 36 209 331 526
21 28 52 209 331 526
25 49 53 209 331 526
3 44 58 209 331 526
33 47 61 209 331 526
32 46 59 209 331 526
4 45 60 209 331 526
8 17 40 209 331 526
9 11 39 209 331 526
5 19 34 209 331 526
15 18 38 210 327 550
10 16 41 210 327 550
7 14 54 210 327 550
22 37 57 210 327 550
23 31 62 210 327 550
20 27 48 210 327 550
24 43 55 210 327 550
29 30 50 210 327 550
26 42 51 210 327 550
12 35 56 210 327 550
6 13 36 210 327 550
21 28 52 210 327 550
25 49 53 210 327 550
3 44 58 210 327 550
33 47 61 210 327 550
32 46 59 210 327 550
4 45 60 210 327 550
8 17 40 210 327 550
9 11 39 210 327 550
5 19 34 210 327 550
15 18 38 205 336 549
10 16 41 205 336 549
7 14 54 205 336 549
22 37 57 205 336 549
23 31 62 205 336 549
20 27 48 205 336 549
24 43 55 205 336 549
29 30 50 205 336 549
26 42 51 205 336 549
12 35 56 205 336 549
6 13 36 205 336 549
21 28 52 205 336 549
25 49 53 205 336 549
3 44 58 205 336 549
33 47 61 205 336 549
32 46 59 205 336 549
4 45 60 205 336 549
8 17 40 205 336 549
9 11 39 205 336 549
5 19 34 205 336 549
15 18 38 229 285 568
10 16 41 229 285 568
7 14 54 229 285 568
22 37 57 229 285 568
23 31 62 229 285 568
20 27 48 229 285 568
24 43 55 229 285 568
29 30 50 229 285 568
26 42 51 229 285 568
12 35 56 229 285 568
6 13 36 229 285 568
21 28 52 229 285 568
25 49 53 229 285 568
3 44 58 229 285 568
33 47 61 229 285 568
32 46 59 229 285 568
4 45 60 229 285 568
8 17 40 229 285 568
9 11 39 229 285 568
5 19 34 229 285 568
15 18 38 228 284 567
10 16 41 228 284 567
7 14 54 228 284 567
22 37 57 228 284 567
23 31 62 228 284 567
20 27 48 228 284 567
24 43 55 228 284 567
29 30 50 228 284 567
26 42 51 228 284 567
12 35 56 228 284 567
6 13 36 228 284 567
21 28 52 228 284 567
25 49 53 228 284 567
3 44 58 228 284 567
33 47 61 228 284 567
32 46 59 228 284 567
4 45 60 228 284 567
8 17 40 228 284 567
9 11 39 228 284 567
5 19 34 228 284 567
15 18 38 216 292 572
10 16 41 216 292 572
7 14 54 216 292 572
22 37 57 216 292 572
23 31 62 216 292 572
20 27 48 216 292 572
24 43 55 216 292 572
29 30 50 216 292 572
26 42 51 216 292 572
12 35 56 216 292 572
6 13 36 216 292 572
21 28 52 216 292 572
25 49 53 216 292 572
3 44 58 216 292 572
33 47 61 216 292 572
32 46 59 216 292 572
4 45 60 216 292 572
8 17 40 216 292 572
9 11 39 216 292 572
5 19 34 216 292 572
15 18 38 221 296 561
10 16 41 221 296 561
7 14 54 221 296 561
22 37 57 221 296 561
23 31 62 221 296 561
20 27 48 221 296 561
24 43 55 221 296 561
29 30 50 221 296 561
26 42 51 221 296 561
12 35 56 221 296 561
6 13 36 221 296 561
21 28 52 221 296 561
25 49 53 221 296 561
3 44 58 221 296 561
33 47 61 221 296 561
32 46 59 221 296 561
4 45 60 221 296 561
8 17 40 221 296 561
9 11 39 221 296 561
5 19 34 221 296 561
15 18 38 180 299 557
10 16 41 180 299 557
7 14 54 180 299 557
22 37 57 180 299 557
23 31 62 180 299 557
20 27 48 180 299 557
24 43 55 180 299 557
29 30 50 180 299 557
26 42 51 180 299 557
12 35 56 180 299 557
6 13 36 180 299 557
21 28 52 180 299 557
25 49 53 180 299 557
3 44 58 180 299 557
33 47 61 180 299 557
32 46 59 180 299 557
4 45 60 180 299 557
8 17 40 180 299 557
9 11 39 180 299 557
5 19 34 180 299 557
15 18 38 192 310 452
10 16 41 192 310 452
7 14 54 192 310 452
22 37 57 192 310 452
23 31 62 192 310 452
20 27 48 192 310 452
24 43 55 192 310 452
29 30 50 192 310 452
26 42 51 192 310 452
12 35 56 192 310 452
6 13 36 192 310 452
21 28 52 192 310 452
25 49 53 192 310 452
3 44 58 192 310 452
33 47 61 192 310 452
32 46 59 192 310 452
4 45 60 192 310 452
8 17 40 192 310 452
9 11 39 192 310 452
5 19 34 192 310 452
15 18 38 183 266 467
10 16 41 183 266 467
7 14 54 183 266 467
22 37 57 183 266 467
23 31 62 183 266 467
20 27 48 183 266 467
24 43 55 183 266 467
29 30 50 183 266 467
26 42 51 183 266 467
12 35 56 183 266 467
6 13 36 183 266 467
21 28 52 183 266 467
25 49 53 183 266 467
3 44 58 183 266 467
33 47 61 183 266 467
32 46 59 183 266 467
4 45 60 183 266 467
8 17 40 183 266 467
9 11 39 183 266 467
5 19 34 183 266 467
15 18 38 101 270 486
10 16 41 101 270 486
7 14 54 101 270 486
22 37 57 101 270 486
23 31 62 101 270 486
20 27 48 101 270 486
24 43 55 101 270 486
29 30 50 101 270 486
26 42 51 101 270 486
12 35 56 101 270 486
6 13 36 101 270 486
21 28 52 101 270 486
25 49 53 101 270 486
3 44 58 101 270 486
33 47 61 101 270 486
32 46 59 101 270 486
4 45 60 101 270 486
8 17 40 101 270 486
9 11 39 101 270 486
5 19 34 101 270 486
15 18 38 274 475 487
10 16 41 274 475 487
7 14 54 274 475 487
22 37 57 274 475 487
23 31 62 274 475 487
20 27 48 274 475 487
24 43 55 274 475 487
29 30 50 274 475 487
26 42 51 274 475 487
12 35 56 274 475 487
6 13 36 274 475 487
21 28 52 274 475 487
25 49 53 274 475 487
3 44 58 274 475 487
33 47 61 274 475 487
32 46 59 274 475 487
4 45 60 274 475 487
8 17 40 274 475 487
9 11 39 274 475 487
5 19 34 274 475 487
15 18 38 281 480 483
10 16 41 281 480 483
7 14 54 281 480 483
22 37 57 281 480 483
23 31 62 281 480 483
20 27 48 281 480 483
24 43 55 281 480 483
29 30 50 281 480 483
26 42 51 281 480 483
12 35 56 281 480 483
6 13 36 281 480 483
21 28 52 281 480 483
25 49 53 281 480 483
3 44 58 281 480 483
33 47 61 281 480 483
32 46 59 281 480 483
4 45 60 281 480 483
8 17 40 281 480 483
9 11 39 281 480 483
5 19 34 281 480 483
15 18 38 282 479 481
10 16 41 282 479 481
7 14 54 282 479 481
22 37 57 282 479 481
23 31 62 282 479 481
20 27 48 282 479 481
24 43 55 282 479 481
29 30 50 282 479 481
26 42 51 282 479 481
12 35 56 282 479 481
6 13 36 282 479 481
21 28 52 282 479 481
25 49 53 282 479 481
3 44 58 282 479 481
33 47 61 282 479 481
32 46 59 282 479 481
4 45 60 282 479 481
8 17 40 282 479 481
9 11 39 282 479 481
5 19 34 282 479 481
15 18 38 230 504 505
10 16 41 230 504 505
7 14 54 230 504 505
22 37 57 230 504 505
23 31 62 230 504 505
20 27 48 230 504 505
24 43 55 230 504 505
29 30 50 230 504 505
26 42 51 230 504 505
12 35 56 230 504 505
6 13 36 230 504 505
21 28 52 230 504 505
25 49 53 230 504 505
3 44 58 230 504 505
33 47 61 230 504 505
32 46 59 230 504 505
4 45 60 230 504 505
8 17 40 230 504 505
9 11 39 230 504 505
5 19 34 230 504 505
15 18 38 103 235 494
10 16 41 103 235 494
7 14 54 103 235 494
22 37 57 103 235 494
23 31 62 103 235 494
20 27 48 103 235 494
24 43 55 103 235 494
29 30 50 103 235 494
26 42 51 103 235 494
12 35 56 103 235 494
6 13 36 103 235 494
21 28 52 103 235 494
25 49 53 103 235 494
3 44 58 103 235 494
33 47 61 103 235 494
32 46 59 103 235 494
4 45 60 103 235 494
8 17 40 103 235 494
9 11 39 103 235 494
5 19 34 103 235 494
15 18 38 238 499 503
10 16 41 238 499 503
7 14 54 238 499 503
22 37 57 238 499 503
23 31 62 238 499 503
20 27 48 238 499 503
24 43 55 238 499 503
29 30 50 238 499 503
26 42 51 238 499 503
12 35 56 238 499 503
6 13 36 238 499 503
21 28 52 238 499 503
25 49 53 238 499 503
3 44 58 238 499 503
33 47 61 238 499 503
32 46 59 238 499 503
4 45 60 238 499 503
8 17 40 238 499 503
9 11 39 238 499 503
5 19 34 238 499 503
15 18 38 178 257 449
10 16 41 178 257 449
7 14 54 178 257 449
22 37 57 178 257 449
23 31 62 178 257 449
20 27 48 178 257 449
24 43 55 178 257 449
29 30 50 178 257 449
26 42 51 178 257 449
12 35 56 178 257 449
6 13 36 178 257 449
21 28 52 178 257 449
25 49 53 178 257 449
3 44 58 178 257 449
33 47 61 178 257 449
32 46 59 178 257 449
4 45 60 178 257 449
8 17 40 178 257 449
9 11 39 178 257 449
5 19 34 178 257 449
15 18 38 173 416 469
10 16 41 173 416 469
7 14 54 173 416 469
22 37 57 173 416 469
23 31 62 173 416 469
20 27 48 173 416 469
24 43 55 173 416 469
29 30 50 173 416 469
26 42 51 173 416 469
12 35 56 173 416 469
6 13 36 173 416 469
21 28 52 173 416 469
25 49 53 173 416 469
3 44 58 173 416 469
33 47 61 173 416 469
32 46 59 173 416 469
4 45 60 173 416 469
8 17 40 173 416 469
9 11 39 173 416 469
5 19 34 173 416 469
15 18 38 194 422 462
10 16 41 194 422 462
7 14 54 194 422 462
22 37 57 194 422 462
23 31 62 194 422 462
20 27 48 194 422 462
24 43 55 194 422 462
29 30 50 194 422 462
26 42 51 194 422 462
12 35 56 194 422 462
6 13 36 194 422 462
21 28 52 194 422 462
25 49 53 194 422 462
3 44 58 194 422 462
33 47 61 194 422 462
32 46 59 194 422 462
4 45 60 194 422 462
8 17 40 194 422 462
9 11 39 194 422 462
5 19 34 194 422 462
15 18 38 189 426 461
10 16 41 189 426 461
7 14 54 189 426 461
22 37 57 189 426 461
23 31 62 189 426 461
20 27 48 189 426 461
24 43 55 189 426 461
29 30 50 189 426 461
26 42 51 189 426 461
12 35 56 189 426 461
6 13 36 189 426 461
21 28 52 189 426 461
25 49 53 189 426 461
3 44 58 189 426 461
33 47 61 189 426 461
32 46 59 189 426 461
4 45 60 189 426 461
8 17 40 189 426 461
9 11 39 189 426 461
5 19 34 189 426 461
15 18 38 184 425 545
10 16 41 184 425 545
7 14 54 184 425 545
22 37 57 184 425 545
23 31 62 184 425 545
20 27 48 184 425 545
24 43 55 184 425 545
29 30 50 184 425 545
26 42 51 184 425 545
12 35 56 184 425 545
6 13 36 184 425 545
21 28 52 184 425 545
25 49 53 184 425 545
3 44 58 184 425 545
33 47 61 184 425 545
32 46 59 184 425 545
4 45 60 184 425 545
8 17 40 184 425 545
9 11 39 184 425 545
5 19 34 184 425 545
15 18 38 188 433 553
10 16 41 188 433 553
7 14 54 188 433 553
22 37 57 188 433 553
23 31 62 188 433 553
20 27 48 188 433 553
24 43 55 188 433 553
29 30 50 188 433 553
26 42 51 188 433 553
12 35 56 188 433 553
6 13 36 188 433 553
21 28 52 188 433 553
25 49 53 188 433 553
3 44 58 188 433 553
33 47 61 188 433 553
32 46 59 188 433 553
4 45 60 188 433 553
8 17 40 188 433 553
9 11 39 188 433 553
5 19 34 188 433 553
15 18 38 187 428 552
10 16 41 187 428 552
7 14 54 187 428 552
22 37 57 187 428 552
23 31 62 187 428 552
20 27 48 187 428 552
24 43 55 187 428 552
29 30 50 187 428 552
26 42 51 187 428 552
12 35 56 187 428 552
6 13 36 187 428 552
21 28 52 187 428 552
25 49 53 187 428 552
3 44 58 187 428 552
33 47 61 187 428 552
32 46 59 187 428 552
4 45 60 187 428 552
8 17 40 187 428 552
9 11 39 187 428 552
5 19 34 187 428 552
15 18 38 86 393 558
10 16 41 86 393 558
7 14 54 86 393 558
22 37 57 86 393 558
23 31 62 86 393 558
20 27 48 86 393 558
24 43 55 86 393 558
29 30 50 86 393 558
26 42 51 86 393 558
12 35 56 86 393 558
6 13 36 86 393 558
21 28 52 86 393 558
25 49 53 86 393 558
3 44 58 86 393 558
33 47 61 86 393 558
32 46 59 86 393 558
4 45 60 86 393 558
8 17 40 86 393 558
9 11 39 86 393 558
5 19 34 86 393 558
15 18 38 224 396 555
10 16 41 224 396 555
7 14 54 224 396 555
22 37 57 224 396 555
23 31 62 224 396 555
20 27 48 224 396 555
24 43 55 224 396 555
29 30 50 224 396 555
26 42 51 224 396 555
12 35 56 224 396 555
6 13 36 224 396 555
21 28 52 224 396 555
25 49 53 224 396 555
3 44 58 224 396 555
33 47 61 224 396 555
32 46 59 224 396 555
4 45 60 224 396 555
8 17 40 224 396 555
9 11 39 224 396 555
5 19 34 224 396 555
15 18 38 116 414 508
10 16 41 116 414 508
7 14 54 116 414 508
22 37 57 116 414 508
23 31 62 116 414 508
20 27 48 116 414 508
24 43 55 116 414 508
29 30 50 116 414 508
26 42 51 116 414 508
12 35 56 116 414 508
6 13 36 116 414 508
21 28 52 116 414 508
25 49 53 116 414 508
3 44 58 116 414 508
33 47 61 116 414 508
32 46 59 116 414 508
4 45 60 116 414 508
8 17 40 116 414 508
9 11 39 116 414 508
5 19 34 116 414 508
15 18 38 109 410 534
10 16 41 109 410 534
7 14 54 109 410 534
22 37 57 109 410 534
23 31 62 109 410 534
20 27 48 109 410 534
24 43 55 109 410 534
29 30 50 109 410 534
26 42 51 109 410 534
12 35 56 109 410 534
6 13 36 109 410 534
21 28 52 109 410 534
25 49 53 109 410 534
3 44 58 109 410 534
33 47 61 109 410 534
32 46 59 109 410 534
4 45 60 109 410 534
8 17 40 109 410 534
9 11 39 109 410 534
5 19 34 109 410 534
15 18 38 108 368 533
10 16 41 108 368 533
7 14 54 108 368 533
22 37 57 108 368 533
23 31 62 108 368 533
20 27 48 108 368 533
24 43 55 108 368 533
29 30 50 108 368 533
26 42 51 108 368 533
12 35 56 108 368 533
6 13 36 108 368 533
21 28 52 108 368 533
25 49 53 108 368 533
3 44 58 108 368 533
33 47 61 108 368 533
32 46 59 108 368 533
4 45 60 108 368 533
8 17 40 108 368 533
9 11 39 108 368 533
5 19 34 108 368 533
15 18 38 136 369 527
10 16 41 136 369 527
7 14 54 136 369 527
22 37 57 136 369 527
23 31 62 136 369 527
20 27 48 136 369 527
24 43 55 136 369 527
29 30 50 136 369 527
26 42 51 136 369 527
12 35 56 136 369 527
6 13 36 136 369 527
21 28 52 136 369 527
25 49 53 136 369 527
3 44 58 136 369 527
33 47 61 136 369 527
32 46 59 136 369 527
4 45 60 136 369 527
8 17 40 136 369 527
9 11 39 136 369 527
5 19 34 136 369 527
15 18 38 127 371 375
10 16 41 127 371 375
7 14 54 127 371 375
22 37 57 127 371 375
23 31 62 127 371 375
20 27 48 127 371 375
24 43 55 127 371 375
29 30 50 127 371 375
26 42 51 127 371 375
12 35 56 127 371 375
6 13 36 127 371 375
21 28 52 127 371 375
25 49 53 127 371 375
3 44 58 127 371 375
33 47 61 127 371 375
32 46 59 127 371 375
4 45 60 127 371 375
8 17 40 127 371 375
9 11 39 127 371 375
5 19 34 127 371 375
15 18 38 147 341 386
10 16 41 147 341 386
7 14 54 147 341 386
22 37 57 147 341 386
23 31 62 147 341 386
20 27 48 147 341 386
24 43 55 147 341 386
29 30 50 147 341 386
26 42 51 147 341 386
12 35 56 147 341 386
6 13 36 147 341 386
21 28 52 147 341 386
25 49 53 147 341 386
3 44 58 147 341 386
33 47 61 147 341 386
32 46 59 147 341 386
4 45 60 147 341 386
8 17 40 147 341 386
9 11 39 147 341 386
5 19 34 147 341 386
15 18 38 161 345 351
10 16 41 161 345 351
7 14 54 161 345 351
22 37 57 161 345 351
23 31 62 161 345 351
20 27 48 161 345 351
24 43 55 161 345 351
29 30 50 161 345 351
26 42 51 161 345 351
12 35 56 161 345 351
6 13 36 161 345 351
21 28 52 161 345 351
25 49 53 161 345 351
3 44 58 161 345 351
33 47 61 161 345 351
32 46 59 161 345 351
4 45 60 161 345 351
8 17 40 161 345 351
9 11 39 161 345 351
5 19 34 161 345 351
15 18 38 286 360 361
10 16 41 286 360 361
7 14 54 286 360 361
22 37 57 286 360 361
23 31 62 286 360 361
20 27 48 286 360 361
24 43 55 286 360 361
29 30 50 286 360 361
26 42 51 286 360 361
12 35 56 286 360 361
6 13 36 286 360 361
21 28 52 286 360 361
25 49 53 286 360 361
3 44 58 286 360 361
33 47 61 286 360 361
32 46 59 286 360 361
4 45 60 286 360 361
8 17 40 286 360 361
9 11 39 286 360 361
5 19 34 286 360 361
15 18 38 289 363 539
10 16 41 289 363 539
7 14 54 289 363 539
22 37 57 289 363 539
23 31 62 289 363 539
20 27 48 289 363 539
24 43 55 289 363 539
29 30 50 289 363 539
26 42 51 289 363 539
12 35 56 289 363 539
6 13 36 289 363 539
21 28 52 289 363 539
25 49 53 289 363 539
3 44 58 289 363 539
33 47 61 289 363 539
32 46 59 289 363 539
4 45 60 289 363 539
8 17 40 289 363 539
9 11 39 289 363 539
5 19 34 289 363 539
15 18 38 309 355 546
10 16 41 309 355 546
7 14 54 309 355 546
22 37 57 309 355 546
23 31 62 309 355 546
20 27 48 309 355 546
24 43 55 309 355 546
29 30 50 309 355 546
26 42 51 309 355 546
12 35 56 309 355 546
6 13 36 309 355 546
21 28 52 309 355 546
25 49 53 309 355 546
3 44 58 309 355 546
33 47 61 309 355 546
32 46 59 309 355 546
4 45 60 309 355 546
8 17 40 309 355 546
9 11 39 309 355 546
5 19 34 309 355 546
15 18 38 304 353 547
10 16 41 304 353 547
7 14 54 304 353 547
22 37 57 304 353 547
23 31 62 304 353 547
20 27 48 304 353 547
24 43 55 304 353 547
29 30 50 304 353 547
26 42 51 304 353 547
12 35 56 304 353 547
6 13 36 304 353 547
21 28 52 304 353 547
25 49 53 304 353 547
3 44 58 304 353 547
33 47 61 304 353 547
32 46 59 304 353 547
4 45 60 304 353 547
8 17 40 304 353 547
9 11 39 304 353 547
5 19 34 304 353 547
15 18 38 303 354 554
10 16 41 303 354 554
7 14 54 303 354 554
22 37 57 303 354 554
23 31 62 303 354 554
20 27 48 303 354 554
24 43 55 303 354 554
29 30 50 303 354 554
26 42 51 303 354 554
12 35 56 303 354 554
6 13 36 303 354 554
21 28 52 303 354 554
25 49 53 303 354 554
3 44 58 303 354 554
33 47 61 303 354 554
32 46 59 303 354 554
4 45 60 303 354 554
8 17 40 303 354 554
9 11 39 303 354 554
5 19 34 303 354 554
15 18 38 302 421 559
10 16 41 302 421 559
7 14 54 302 421 559
22 37 57 302 421 559
23 31 62 302 421 559
20 27 48 302 421 559
24 43 55 302 421 559
29 30 50 302 421 559
26 42 51 302 421 559
12 35 56 302 421 559
6 13 36 302 421 559
21 28 52 302 421 559
25 49 53 302 421 559
3 44 58 302 421 559
33 47 61 302 421 559
32 46 59 302 421 559
4 45 60 302 421 559
8 17 40 302 421 559
9 11 39 302 421 559
5 19 34 302 421 559
15 18 38 93 437 513
10 16 41 93 437 513
7 14 54 93 437 513
22 37 57 93 437 513
23 31 62 93 437 513
20 27 48 93 437 513
24 43 55 93 437 513
29 30 50 93 437 513
26 42 51 93 437 513
12 35 56 93 437 513
6 13 36 93 437 513
21 28 52 93 437 513
25 49 53 93 437 513
3 44 58 93 437 513
33 47 61 93 437 513
32 46 59 93 437 513
4 45 60 93 437 513
8 17 40 93 437 513
9 11 39 93 437 513
5 19 34 93 437 513
15 18 38 335 436 514
10 16 41 335 436 514
7 14 54 335 436 514
22 37 57 335 436 514
23 31 62 335 436 514
20 27 48 335 436 514
24 43 55 335 436 514
29 30 50 335 436 514
26 42 51 335 436 514
12 35 56 335 436 514
6 13 36 335 436 514
21 28 52 335 436 514
25 49 53 335 436 514
3 44 58 335 436 514
33 47 61 335 436 514
32 46 59 335 436 514
4 45 60 335 436 514
8 17 40 335 436 514
9 11 39 335 436 514
5 19 34 335 436 514
15 18 38 332 395 522
10 16 41 332 395 522
7 14 54 332 395 522
22 37 57 332 395 522
23 31 62 332 395 522
20 27 48 332 395 522
24 43 55 332 395 522
29 30 50 332 395 522
26 42 51 332 395 522
12 35 56 332 395 522
6 13 36 332 395 522
21 28 52 332 395 522
25 49 53 332 395 522
3 44 58 332 395 522
33 47 61 332 395 522
32 46 59 332 395 522
4 45 60 332 395 522
8 17 40 332 395 522
9 11 39 332 395 522
5 19 34 332 395 522
15 18 38 329 399 523
10 16 41 329 399 523
7 14 54 329 399 523
22 37 57 329 399 523
23 31 62 329 399 523
20 27 48 329 399 523
24 43 55 329 399 523
29 30 50 329 399 523
26 42 51 329 399 523
12 35 56 329 399 523
6 13 36 329 399 523
21 28 52 329 399 523
25 49 53 329 399 523
3 44 58 329 399 523
33 47 61 329 399 523
32 46 59 329 399 523
4 45 60 329 399 523
8 17 40 329 399 523
9 11 39 329 399 523
5 19 34 329 399 523
15 18 38 233 412 478
10 16 41 233 412 478
7 14 54 233 412 478
22 37 57 233 412 478
23 31 62 233 412 478
20 27 48 233 412 478
24 43 55 233 412 478
29 30 50 233 412 478
26 42 51 233 412 478
12 35 56 233 412 478
6 13 36 233 412 478
21 28 52 233 412 478
25 49 53 233 412 478
3 44 58 233 412 478
33 47 61 233 412 478
32 46 59 233 412 478
4 45 60 233 412 478
8 17 40 233 412 478
9 11 39 233 412 478
5 19 34 233 412 478
15 18 38 248 407 484
10 16 41 248 407 484
7 14 54 248 407 484
22 37 57 248 407 484
23 31 62 248 407 484
20 27 48 248 407 484
24 43 55 248 407 484
29 30 50 248 407 484
26 42 51 248 407 484
12 35 56 248 407 484
6 13 36 248 407 484
21 28 52 248 407 484
25 49 53 248 407 484
3 44 58 248 407 484
33 47 61 248 407 484
32 46 59 248 407 484
4 45 60 248 407 484
8 17 40 248 407 484
9 11 39 248 407 484
5 19 34 248 407 484
15 18 38 262 265 498
10 16 41 262 265 498
7 14 54 262 265 498
22 37 57 262 265 498
23 31 62 262 265 498
20 27 48 262 265 498
24 43 55 262 265 498
29 30 50 262 265 498
26 42 51 262 265 498
12 35 56 262 265 498
6 13 36 262 265 498
21 28 52 262 265 498
25 49 53 262 265 498
3 44 58 262 265 498
33 47 61 262 265 498
32 46 59 262 265 498
4 45 60 262 265 498
8 17 40 262 265 498
9 11 39 262 265 498
5 19 34 262 265 498
15 18 38 260 280 441
10 16 41 260 280 441
7 14 54 260 280 441
22 37 57 260 280 441
23 31 62 260 280 441
20 27 48 260 280 441
24 43 55 260 280 441
29 30 50 260 280 441
26 42 51 260 280 441
12 35 56 260 280 441
6 13 36 260 280 441
21 28 52 260 280 441
25 49 53 260 280 441
3 44 58 260 280 441
33 47 61 260 280 441
32 46 59 260 280 441
4 45 60 260 280 441
8 17 40 260 280 441
9 11 39 260 280 441
5 19 34 260 280 441
15 18 38 89 271 447
10 16 41 89 271 447
7 14 54 89 271 447
22 37 57 89 271 447
23 31 62 89 271 447
20 27 48 89 271 447
24 43 55 89 271 447
29 30 50 89 271 447
26 42 51 89 271 447
12 35 56 89 271 447
6 13 36 89 271 447
21 28 52 89 271 447
25 49 53 89 271 447
3 44 58 89 271 447
33 47 61 89 271 447
32 46 59 89 271 447
4 45 60 89 271 447
8 17 40 89 271 447
9 11 39 89 271 447
5 19 34 89 271 447
15 18 38 240 272 459
10 16 41 240 272 459
7 14 54 240 272 459
22 37 57 240 272 459
23 31 62 240 272 459
20 27 48 240 272 459
24 43 55 240 272 459
29 30 50 240 272 459
26 42 51 240 272 459
12 35 56 240 272 459
6 13 36 240 272 459
21 28 52 240 272 459
25 49 53 240 272 459
3 44 58 240 272 459
33 47 61 240 272 459
32 46 59 240 272 459
4 45 60 240 272 459
8 17 40 240 272 459
9 11 39 240 272 459
5 19 34 240 272 459
15 18 38 241 400 463
10 16 41 241 400 463
7 14 54 241 400 463
22 37 57 241 400 463
23 31 62 241 400 463
20 27 48 241 400 463
24 43 55 241 400 463
29 30 50 241 400 463
26 42 51 241 400 463
12 35 56 241 400 463
6 13 36 241 400 463
21 28 52 241 400 463
25 49 53 241 400 463
3 44 58 241 400 463
33 47 61 241 400 463
32 46 59 241 400 463
4 45 60 241 400 463
8 17 40 241 400 463
9 11 39 241 400 463
5 19 34 241 400 463
15 18 38 237 392 464
10 16 41 237 392 464
7 14 54 237 392 464
22 37 57 237 392 464
23 31 62 237 392 464
20 27 48 237 392 464
24 43 55 237 392 464
29 30 50 237 392 464
26 42 51 237 392 464
12 35 56 237 392 464
6 13 36 237 392 464
21 28 52 237 392 464
25 49 53 237 392 464
3 44 58 237 392 464
33 47 61 237 392 464
32 46 59 237 392 464
4 45 60 237 392 464
8 17 40 237 392 464
9 11 39 237 392 464
5 19 34 237 392 464
15 18 38 200 259 390
10 16 41 200 259 390
7 14 54 200 259 390
22 37 57 200 259 390
23 31 62 200 259 390
20 27 48 200 259 390
24 43 55 200 259 390
29 30 50 200 259 390
26 42 51 200 259 390
12 35 56 200 259 390
6 13 36 200 259 390
21 28 52 200 259 390
25 49 53 200 259 390
3 44 58 200 259 390
33 47 61 200 259 390
32 46 59 200 259 390
4 45 60 200 259 390
8 17 40 200 259 390
9 11 39 200 259 390
5 19 34 200 259 390
15 18 38 218 318 403
10 16 41 218 318 403
7 14 54 218 318 403
22 37 57 218 318 403
23 31 62 218 318 403
20 27 48 218 318 403
24 43 55 218 318 403
29 30 50 218 318 403
26 42 51 218 318 403
12 35 56 218 318 403
6 13 36 218 318 403
21 28 52 218 318 403
25 49 53 218 318 403
3 44 58 218 318 403
33 47 61 218 318 403
32 46 59 218 318 403
4 45 60 218 318 403
8 17 40 218 318 403
9 11 39 218 318 403
5 19 34 218 318 403
15 18 38 213 323 424
10 16 41 213 323 424
7 14 54 213 323 424
22 37 57 213 323 424
23 31 62 213 323 424
20 27 48 213 323 424
24 43 55 213 323 424
29 30 50 213 323 424
26 42 51 213 323 424
12 35 56 213 323 424
6 13 36 213 323 424
21 28 52 213 323 424
25 49 53 213 323 424
3 44 58 213 323 424
33 47 61 213 323 424
32 46 59 213 323 424
4 45 60 213 323 424
8 17 40 213 323 424
9 11 39 213 323 424
5 19 34 213 323 424
15 18 38 220 315 423
10 16 41 220 315 423
7 14 54 220 315 423
22 37 57 220 315 423
23 31 62 220 315 423
20 27 48 220 315 423
24 43 55 220 315 423
29 30 50 220 315 423
26 42 51 220 315 423
12 35 56 220 315 423
6 13 36 220 315 423
21 28 52 220 315 423
25 49 53 220 315 423
3 44 58 220 315 423
33 47 61 220 315 423
32 46 59 220 315 423
4 45 60 220 315 423
8 17 40 220 315 423
9 11 39 220 315 423
5 19 34 220 315 423
15 18 38 100 227 333
10 16 41 100 227 333
7 14 54 100 227 333
22 37 57 100 227 333
23 31 62 100 227 333
20 27 48 100 227 333
24 43 55 100 227 333
29 30 50 100 227 333
26 42 51 100 227 333
12 35 56 100 227 333
6 13 36 100 227 333
21 28 52 100 227 333
25 49 53 100 227 333
3 44 58 100 227 333
33 47 61 100 227 333
32 46 59 100 227 333
4 45 60 100 227 333
8 17 40 100 227 333
9 11 39 100 227 333
5 19 34 100 227 333
15 18 38 144 312 362
10 16 41 144 312 362
7 14 54 144 312 362
22 37 57 144 312 362
23 31 62 144 312 362
20 27 48 144 312 362
24 43 55 144 312 362
29 30 50 144 312 362
26 42 51 144 312 362
12 35 56 144 312 362
6 13 36 144 312 362
21 28 52 144 312 362
25 49 53 144 312 362
3 44 58 144 312 362
33 47 61 144 312 362
32 46 59 144 312 362
4 45 60 144 312 362
8 17 40 144 312 362
9 11 39 144 312 362
5 19 34 144 312 362
15 18 38 148 301 356
10 16 41 148 301 356
7 14 54 148 301 356
22 37 57 148 301 356
23 31 62 148 301 356
20 27 48 148 301 356
24 43 55 148 301 356
29 30 50 148 301 356
26 42 51 148 301 356
12 35 56 148 301 356
6 13 36 148 301 356
21 28 52 148 301 356
25 49 53 148 301 356
3 44 58 148 301 356
33 47 61 148 301 356
32 46 59 148 301 356
4 45 60 148 301 356
8 17 40 148 301 356
9 11 39 148 301 356
5 19 34 148 301 356
15 18 38 154 159 376
10 16 41 154 159 376
7 14 54 154 159 376
22 37 57 154 159 376
23 31 62 154 159 376
20 27 48 154 159 376
24 43 55 154 159 376
29 30 50 154 159 376
26 42 51 154 159 376
12 35 56 154 159 376
6 13 36 154 159 376
21 28 52 154 159 376
25 49 53 154 159 376
3 44 58 154 159 376
33 47 61 154 159 376
32 46 59 154 159 376
4 45 60 154 159 376
8 17 40 154 159 376
9 11 39 154 159 376
5 19 34 154 159 376
15 18 38 145 166 373
10 16 41 145 166 373
7 14 54 145 166 373
22 37 57 145 166 373
23 31 62 145 166 373
20 27 48 145 166 373
24 43 55 145 166 373
29 30 50 145 166 373
26 42 51 145 166 373
12 35 56 145 166 373
6 13 36 145 166 373
21 28 52 145 166 373
25 49 53 145 166 373
3 44 58 145 166 373
33 47 61 145 166 373
32 46 59 145 166 373
4 45 60 145 166 373
8 17 40 145 166 373
9 11 39 145 166 373
5 19 34 145 166 373
15 18 38 113 163 367
10 16 41 113 163 367
7 14 54 113 163 367
22 37 57 113 163 367
23 31 62 113 163 367
20 27 48 113 163 367
24 43 55 113 163 367
29 30 50 113 163 367
26 42 51 113 163 367
12 35 56 113 163 367
6 13 36 113 163 367
21 28 52 113 163 367
25 49 53 113 163 367
3 44 58 113 163 367
33 47 61 113 163 367
32 46 59 113 163 367
4 45 60 113 163 367
8 17 40 113 163 367
9 11 39 113 163 367
5 19 34 113 163 367
15 18 38 114 142 509
10 16 41 114 142 509
7 14 54 114 142 509
22 37 57 114 142 509
23 31 62 114 142 509
20 27 48 114 142 509
24 43 55 114 142 509
29 30 50 114 142 509
26 42 51 114 142 509
12 35 56 114 142 509
6 13 36 114 142 509
21 28 52 114 142 509
25 49 53 114 142 509
3 44 58 114 142 509
33 47 61 114 142 509
32 46 59 114 142 509
4 45 60 114 142 509
8 17 40 114 142 509
9 11 39 114 142 509
5 19 34 114 142 509
15 18 38 141 317 536
10 16 41 141 317 536
7 14 54 141 317 536
22 37 57 141 317 536
23 31 62 141 317 536
20 27 48 141 317 536
24 43 55 141 317 536
29 30 50 141 317 536
26 42 51 141 317 536
12 35 56 141 317 536
6 13 36 141 317 536
21 28 52 141 317 536
25 49 53 141 317 536
3 44 58 141 317 536
33 47 61 141 317 536
32 46 59 141 317 536
4 45 60 141 317 536
8 17 40 141 317 536
9 11 39 141 317 536
5 19 34 141 317 536
15 18 38 133 320 529
10 16 41 133 320 529
7 14 54 133 320 529
22 37 57 133 320 529
23 31 62 133 320 529
20 27 48 133 320 529
24 43 55 133 320 529
29 30 50 133 320 529
26 42 51 133 320 529
12 35 56 133 320 529
6 13 36 133 320 529
21 28 52 133 320 529
25 49 53 133 320 529
3 44 58 133 320 529
33 47 61 133 320 529
32 46 59 133 320 529
4 45 60 133 320 529
8 17 40 133 320 529
9 11 39 133 320 529
5 19 34 133 320 529
15 18 38 211 326 551
10 16 41 211 326 551
7 14 54 211 326 551
22 37 57 211 326 551
23 31 62 211 326 551
20 27 48 211 326 551
24 43 55 211 326 551
29 30 50 211 326 551
26 42 51 211 326 551
12 35 56 211 326 551
6 13 36 211 326 551
21 28 52 211 326 551
25 49 53 211 326 551
3 44 58 211 326 551
33 47 61 211 326 551
32 46 59 211 326 551
4 45 60 211 326 551
8 17 40 211 326 551
9 11 39 211 326 551
5 19 34 211 326 551
15 18 38 201 340 542
10 16 41 201 340 542
7 14 54 201 340 542
22 37 57 201 340 542
23 31 62 201 340 542
20 27 48 201 340 542
24 43 55 201 340 542
29 30 50 201 340 542
26 42 51 201 340 542
12 35 56 201 340 542
6 13 36 201 340 542
21 28 52 201 340 542
25 49 53 201 340 542
3 44 58 201 340 542
33 47 61 201 340 542
32 46 59 201 340 542
4 45 60 201 340 542
8 17 40 201 340 542
9 11 39 201 340 542
5 19 34 201 340 542
15 18 38 204 338 544
10 16 41 204 338 544
7 14 54 204 338 544
22 37 57 204 338 544
23 31 62 204 338 544
20 27 48 204 338 544
24 43 55 204 338 544
29 30 50 204 338 544
26 42 51 204 338 544
12 35 56 204 338 544
6 13 36 204 338 544
21 28 52 204 338 544
25 49 53 204 338 544
3 44 58 204 338 544
33 47 61 204 338 544
32 46 59 204 338 544
4 45 60 204 338 544
8 17 40 204 338 544
9 11 39 204 338 544
5 19 34 204 338 544
15 18 38 217 293 573
10 16 41 217 293 573
7 14 54 217 293 573
22 37 57 217 293 573
23 31 62 217 293 573
20 27 48 217 293 573
24 43 55 217 293 573
29 30 50 217 293 573
26 42 51 217 293 573
12 35 56 217 293 573
6 13 36 217 293 573
21 28 52 217 293 573
25 49 53 217 293 573
3 44 58 217 293 573
33 47 61 217 293 573
32 46 59 217 293 573
4 45 60 217 293 573
8 17 40 217 293 573
9 11 39 217 293 573
5 19 34 217 293 573
15 18 38 177 308 456
10 16 41 177 308 456
7 14 54 177 308 456
22 37 57 177 308 456
23 31 62 177 308 456
20 27 48 177 308 456
24 43 55 177 308 456
29 30 50 177 308 456
26 42 51 177 308 456
12 35 56 177 308 456
6 13 36 177 308 456
21 28 52 177 308 456
25 49 53 177 308 456
3 44 58 177 308 456
33 47 61 177 308 456
32 46 59 177 308 456
4 45 60 177 308 456
8 17 40 177 308 456
9 11 39 177 308 456
5 19 34 177 308 456
15 18 38 269 490 493
10 16 41 269 490 493
7 14 54 269 490 493
22 37 57 269 490 493
23 31 62 269 490 493
20 27 48 269 490 493
24 43 55 269 490 493
29 30 50 269 490 493
26 42 51 269 490 493
12 35 56 269 490 493
6 13 36 269 490 493
21 28 52 269 490 493
25 49 53 269 490 493
3 44 58 269 490 493
33 47 61 269 490 493
32 46 59 269 490 493
4 45 60 269 490 493
8 17 40 269 490 493
9 11 39 269 490 493
5 19 34 269 490 493
15 18 38 102 273 492
10 16 41 102 273 492
7 14 54 102 273 492
22 37 57 102 273 492
23 31 62 102 273 492
20 27 48 102 273 492
24 43 55 102 273 492
29 30 50 102 273 492
26 42 51 102 273 492
12 35 56 102 273 492
6 13 36 102 273 492
21 28 52 102 273 492
25 49 53 102 273 492
3 44 58 102 273 492
33 47 61 102 273 492
32 46 59 102 273 492
4 45 60 102 273 492
8 17 40 102 273 492
9 11 39 102 273 492
5 19 34 102 273 492
15 18 38 276 472 485
10 16 41 276 472 485
7 14 54 276 472 485
22 37 57 276 472 485
23 31 62 276 472 485
20 27 48 276 472 485
24 43 55 276 472 485
29 30 50 276 472 485
26 42 51 276 472 485
12 35 56 276 472 485
6 13 36 276 472 485
21 28 52 276 472 485
25 49 53 276 472 485
3 44 58 276 472 485
33 47 61 276 472 485
32 46 59 276 472 485
4 45 60 276 472 485
8 17 40 276 472 485
9 11 39 276 472 485
5 19 34 276 472 485
15 18 38 277 474 488
10 16 41 277 474 488
7 14 54 277 474 488
22 37 57 277 474 488
23 31 62 277 474 488
20 27 48 277 474 488
24 43 55 277 474 488
29 30 50 277 474 488
26 42 51 277 474 488
12 35 56 277 474 488
6 13 36 277 474 488
21 28 52 277 474 488
25 49 53 277 474 488
3 44 58 277 474 488
33 47 61 277 474 488
32 46 59 277 474 488
4 45 60 277 474 488
8 17 40 277 474 488
9 11 39 277 474 488
5 19 34 277 474 488
15 18 38 232 473 500
10 16 41 232 473 500
7 14 54 232 473 500
22 37 57 232 473 500
23 31 62 232 473 500
20 27 48 232 473 500
24 43 55 232 473 500
29 30 50 232 473 500
26 42 51 232 473 500
12 35 56 232 473 500
6 13 36 232 473 500
21 28 52 232 473 500
25 49 53 232 473 500
3 44 58 232 473 500
33 47 61 232 473 500
32 46 59 232 473 500
4 45 60 232 473 500
8 17 40 232 473 500
9 11 39 232 473 500
5 19 34 232 473 500
15 18 38 247 454 495
10 16 41 247 454 495
7 14 54 247 454 495
22 37 57 247 454 495
23 31 62 247 454 495
20 27 48 247 454 495
24 43 55 247 454 495
29 30 50 247 454 495
26 42 51 247 454 495
12 35 56 247 454 495
6 13 36 247 454 495
21 28 52 247 454 495
25 49 53 247 454 495
3 44 58 247 454 495
33 47 61 247 454 495
32 46 59 247 454 495
4 45 60 247 454 495
8 17 40 247 454 495
9 11 39 247 454 495
5 19 34 247 454 495
15 18 38 175 253 446
10 16 41 175 253 446
7 14 54 175 253 446
22 37 57 175 253 446
23 31 62 175 253 446
20 27 48 175 253 446
24 43 55 175 253 446
29 30 50 175 253 446
26 42 51 175 253 446
12 35 56 175 253 446
6 13 36 175 253 446
21 28 52 175 253 446
25 49 53 175 253 446
3 44 58 175 253 446
33 47 61 175 253 446
32 46 59 175 253 446
4 45 60 175 253 446
8 17 40 175 253 446
9 11 39 175 253 446
5 19 34 175 253 446
15 18 38 196 417 471
10 16 41 196 417 471
7 14 54 196 417 471
22 37 57 196 417 471
23 31 62 196 417 471
20 27 48 196 417 471
24 43 55 196 417 471
29 30 50 196 417 471
26 42 51 196 417 471
12 35 56 196 417 471
6 13 36 196 417 471
21 28 52 196 417 471
25 49 53 196 417 471
3 44 58 196 417 471
33 47 61 196 417 471
32 46 59 196 417 471
4 45 60 196 417 471
8 17 40 196 417 471
9 11 39 196 417 471
5 19 34 196 417 471
15 18 38 186 432 548
10 16 41 186 432 548
7 14 54 186 432 548
22 37 57 186 432 548
23 31 62 186 432 548
20 27 48 186 432 548
24 43 55 186 432 548
29 30 50 186 432 548
26 42 51 186 432 548
12 35 56 186 432 548
6 13 36 186 432 548
21 28 52 186 432 548
25 49 53 186 432 548
3 44 58 186 432 548
33 47 61 186 432 548
32 46 59 186 432 548
4 45 60 186 432 548
8 17 40 186 432 548
9 11 39 186 432 548
5 19 34 186 432 548
15 18 38 207 434 541
10 16 41 207 434 541
7 14 54 207 434 541
22 37 57 207 434 541
23 31 62 207 434 541
20 27 48 207 434 541
24 43 55 207 434 541
29 30 50 207 434 541
26 42 51 207 434 541
12 35 56 207 434 541
6 13 36 207 434 541
21 28 52 207 434 541
25 49 53 207 434 541
3 44 58 207 434 541
33 47 61 207 434 541
32 46 59 207 434 541
4 45 60 207 434 541
8 17 40 207 434 541
9 11 39 207 434 541
5 19 34 207 434 541
15 18 38 84 435 540
10 16 41 84 435 540
7 14 54 84 435 540
22 37 57 84 435 540
23 31 62 84 435 540
20 27 48 84 435 540
24 43 55 84 435 540
29 30 50 84 435 540
26 42 51 84 435 540
12 35 56 84 435 540
6 13 36 84 435 540
21 28 52 84 435 540
25 49 53 84 435 540
3 44 58 84 435 540
33 47 61 84 435 540
32 46 59 84 435 540
4 45 60 84 435 540
8 17 40 84 435 540
9 11 39 84 435 540
5 19 34 84 435 540
0 1 2 1434 1651 2400
0 1 2 1540 2002 2523
0 1 2 1571 1911 2466
0 1 2 1695 1833 2985
0 1 2 1825 2167 3072
0 1 2 1874 2074 2749
0 1 2 1907 2107 2842
0 1 2 1331 2372 2576
0 1 2 1467 2450 2560
0 1 2 2231 2730 3035
0 1 2 1340 2662 3052
0 1 2 1748 2640 3081
0 1 2 1351 1711 2323
0 1 2 1370 1731 2310
0 1 2 1541 2014 2497
0 1 2 1616 1857 2948
0 1 2 2042 2424 2889
0 1 2 1697 2212 2675
0 1 2 2112 2608 2820
0 1 2 2219 2762 3044
0 1 2 1821 2782 2982
0 1 2 1368 1709 2324
0 1 2 1413 1653 2392
0 1 2 1886 2121 2826
0 1 2 1637 2171 2266
0 1 2 1609 2176 2296
0 1 2 1433 1652 2398
0 1 2 1782 2227 3113
0 1 2 1353 2333 2668
0 1 2 1543 2518 2919
0 1 2 2026 2590 2800
0 1 2 2186 2664 2777
0 1 2 2173 2693 3075
0 1 2 1390 2537 2996
0 1 2 1359 2649 3065
0 1 2 1343 1694 2682
0 1 2 1430 1664 2370
0 1 2 1558 1931 2473
0 1 2 1675 1906 3012
0 1 2 1676 1808 3003
0 1 2 1758 2274 2713
0 1 2 1531 2528 2928
0 1 2 2085 2626 2827
0 1 2 1954 2875 2946
0 1 2 1339 2573 3043
0 1 2 1726 1835 3071
0 1 2 1933 2027 2804
0 1 2 1971 2470 2861
0 1 2 1553 2089 2347
0 1 2 1660 2124 2374
0 1 2 1670 2103 2376
0 1 2 1456 1548 2334
0 1 2 1461 1588 2451
0 1 2 1498 1982 2422
0 1 2 1518 1968 2428
0 1 2 1828 2149 3076
0 1 2 1338 2345 2574
0 1 2 2116 2623 2822
0 1 2 2088 2615 2733
0 1 2 2234 2745 3032
0 1 2 1607 1963 2959
0 1 2 1646 2138 2365
0 1 2 1376 2327 2651
0 1 2 1332 2586 3030
0 1 2 1369 1719 2313
0 1 2 1420 1648 2393
0 1 2 1514 1994 2409
0 1 2 1890 2115 2835
0 1 2 1643 2142 2395
0 1 2 1466 1585 2457
0 1 2 1599 1944 2978
0 1 2 1909 2028 2796
0 1 2 1978 2062 2877
0 1 2 1597 2048 2446
0 1 2 2220 2757 3040
0 1 2 1814 2789 2990
0 1 2 1699 1818 2991
0 1 2 1389 2420 2547
0 1 2 1457 2490 2890
0 1 2 1479 1598 2439
0 1 2 1618 1859 2950
0 1 2 1626 2187 2278
0 1 2 1463 1574 2456
0 1 2 1837 2185 2768
0 1 2 1692 2243 2692
0 1 2 1506 1927 2906
0 1 2 1532 2007 2510
0 1 2 1832 2169 3078
0 1 2 1797 2806 3006
0 1 2 1955 2874 2944
0 1 2 1773 2724 3117
0 1 2 1402 1630 2268
0 1 2 1690 1804 2997
0 1 2 1704 1843 3058
0 1 2 1875 2078 2747
0 1 2 1490 1578 2431
0 1 2 1595 1953 2965
0 1 2 1849 2204 2759
0 1 2 1947 2037 2880
0 1 2 1725 2180 2317
0 1 2 1393 2411 2607
0 1 2 1392 2444 2544
0 1 2 1499 2534 2866
0 1 2 2109 2606 2840
0 1 2 2145 2695 3093
0 1 2 1816 2791 2994
0 1 2 1827 2802 2979
0 1 2 1779 2709 3111
0 1 2 1356 1705 2325
0 1 2 2023 2407 2910
0 1 2 1672 2133 2369
0 1 2 1718 2188 2285
0 1 2 1682 2225 2699
0 1 2 1451 2481 2562
0 1 2 1372 2656 3069
0 1 2 1760 2712 3112
0 1 2 1491 1579 2434
0 1 2 1663 2117 2355
0 1 2 1481 1605 2440
0 1 2 1520 1976 2429
0 1 2 1564 1936 2477
0 1 2 1932 2022 2805
0 1 2 1635 2165 2263
0 1 2 1792 2252 2700
0 1 2 1735 2298 2620
0 1 2 1385 2417 2549
0 1 2 1447 2503 2913
0 1 2 1500 2536 2862
0 1 2 1896 2828 3024
0 1 2 1568 1912 2467
0 1 2 1851 2183 2751
0 1 2 1600 2049 2445
0 1 2 1728 2182 2315
0 1 2 1375 2330 2659
0 1 2 1399 2403 2532
0 1 2 1483 2435 2558
0 1 2 1330 2584 3027
0 1 2 1363 2673 3063
0 1 2 1747 2646 3080
0 1 2 1586 1929 2973
0 1 2 1606 1965 2957
0 1 2 2006 2487 2929
0 1 2 1589 2079 2455
0 1 2 1560 2081 2339
0 1 2 1509 1992 2404
0 1 2 1753 2235 3029
0 1 2 1790 2240 3127
0 1 2 1879 2095 2728
0 1 2 1888 2120 2833
0 1 2 1656 2154 2383
0 1 2 1756 2273 2714
0 1 2 1757 2275 2624
0 1 2 1417 2384 2610
0 1 2 1477 2566 2955
0 1 2 1769 2721 3109
0 1 2 1492 1577 2433
0 1 2 1842 2178 2774
0 1 2 1974 2471 2864
0 1 2 1987 2495 2848
0 1 2 1642 2143 2394
0 1 2 1710 2200 2320
0 1 2 1740 2283 2632
0 1 2 2210 2746 3046
0 1 2 1948 2902 2970
0 1 2 1949 2899 2972
0 1 2 1454 1969 2953
0 1 2 1387 2541 2980
0 1 2 1873 2083 2736
0 1 2 1671 1889 3010
0 1 2 1700 1798 3008
0 1 2 1722 1852 3048
0 1 2 1707 2197 2326
0 1 2 2221 2760 3039
0 1 2 1378 1620 2289
0 1 2 1743 2291 2633
0 1 2 2102 2605 2843
0 1 2 2192 2681 2770
0 1 2 1820 2779 2988
0 1 2 1511 1918 2911
0 1 2 1449 1983 2964
0 1 2 1358 2652 3062
0 1 2 1619 1960 2967
0 1 2 1917 2024 2801
0 1 2 1734 2201 2306
0 1 2 1744 1846 3050
0 1 2 1883 2123 2830
0 1 2 2015 2519 2916
0 1 2 1772 2258 2719
0 1 2 1504 2540 2865
0 1 2 1628 1863 2943
0 1 2 1696 1830 2987
0 1 2 1796 2253 3104
0 1 2 1419 2397 2609
0 1 2 1469 2453 2561
0 1 2 2054 2563 2887
0 1 2 2136 2593 2809
0 1 2 1465 1575 2459
0 1 2 1621 1961 2968
0 1 2 1868 2093 2732
0 1 2 1925 2041 2784
0 1 2 1989 2493 2852
0 1 2 1749 2218 3042
0 1 2 1941 2052 2882
0 1 2 2010 2521 2923
0 1 2 1593 2057 2441
0 1 2 1563 2082 2340
0 1 2 1698 2214 2687
0 1 2 1496 1934 2896
0 1 2 1362 2671 3060
0 1 2 1335 1688 2690
0 1 2 1333 1689 2688
0 1 2 1654 1870 2940
0 1 2 1669 1880 3023
0 1 2 1771 2237 3118
0 1 2 1884 2125 2831
0 1 2 1729 2181 2302
0 1 2 2033 2596 2793
0 1 2 1627 1864 2941
0 1 2 1774 2239 3120
0 1 2 2005 2485 2854
0 1 2 1674 2132 2362
0 1 2 1517 2526 2853
0 1 2 2090 2617 2739
0 1 2 2160 2678 2766
0 1 2 1904 2808 3015
0 1 2 1328 2579 3037
0 1 2 1775 2715 3102
0 1 2 1445 1667 2381
0 1 2 1677 1803 3002
0 1 2 1765 2216 3047
0 1 2 1770 2245 3116
0 1 2 1962 2047 2885
0 1 2 2080 2631 2748
0 1 2 2158 2683 3085
0 1 2 1844 2786 3054
0 1 2 1802 2798 3001
0 1 2 1524 2012 2920
0 1 2 1529 1990 2511
0 1 2 1659 1900 3017
0 1 2 1761 2224 3034
0 1 2 1839 2179 2771
0 1 2 1576 2066 2437
0 1 2 1647 2139 2366
63 64 65 1470 1565 2344
63 64 65 1486 1594 2443
63 64 65 1683 1806 3005
63 64 65 1829 2148 3073
63 64 65 1952 2070 2868
63 64 65 2031 2598 2795
63 64 65 2130 2594 2815
63 64 65 2191 2676 2765
63 64 65 2230 2725 3038
63 64 65 1344 1685 2694
63 64 65 1910 2032 2799
63 64 65 2038 2426 2900
63 64 65 1750 2311 2627
63 64 65 1752 2309 2638
63 64 65 2100 2612 2837
63 64 65 1360 1706 2328
63 64 65 1441 1661 2382
63 64 65 1795 2255 3101
63 64 65 1641 2166 2264
63 64 65 1733 2202 2300
63 64 65 1484 1601 2442
63 64 65 1602 1964 2954
63 64 65 1701 1801 3009
63 64 65 1810 2175 3082
63 64 65 1869 2094 2731
63 64 65 1717 2194 2284
63 64 65 2069 2568 2869
63 64 65 1444 1988 2939
63 64 65 1746 2635 3077
63 64 65 1897 2092 2738
63 64 65 1956 2059 2871
63 64 65 1573 2072 2458
63 64 65 1778 2249 2722
63 64 65 1374 2331 2657
63 64 65 2205 2670 2756
63 64 65 2241 2710 3119
63 64 65 1658 2153 2386
63 64 65 1639 2170 2267
63 64 65 1510 1997 2406
63 64 65 1545 1922 2488
63 64 65 1848 2207 2758
63 64 65 1957 2067 2872
63 64 65 1995 2491 2846
63 64 65 2199 2653 2763
63 64 65 1882 2841 3013
63 64 65 1871 2855 2937
63 64 65 1943 2881 2977
63 64 65 1383 2550 3007
63 64 65 1357 2650 3067
63 64 65 1590 1945 2974
63 64 65 1800 2147 3096
63 64 65 1824 2151 3099
63 64 65 1986 2492 2850
63 64 65 1525 2000 2932
63 64 65 1446 1665 2349
63 64 65 1901 2114 2821
63 64 65 1567 1913 2494
63 64 65 2039 2427 2901
63 64 65 1611 2174 2261
63 64 65 1536 2496 2921
63 64 65 2084 2625 2829
63 64 65 2077 2628 2743
63 64 65 1352 2669 3049
63 64 65 1448 1555 2350
63 64 65 1561 1938 2475
63 64 65 1766 2232 3028
63 64 65 1786 2251 3105
63 64 65 1727 2184 2304
63 64 65 1739 2276 2642
63 64 65 1400 2402 2527
63 64 65 1386 2415 2545
63 64 65 1811 2790 2992
63 64 65 1382 1625 2286
63 64 65 1440 1556 2360
63 64 65 1515 1985 2413
63 64 65 1535 2018 2504
63 64 65 1807 2250 3088
63 64 65 1881 2111 2832
63 64 65 1640 2168 2262
63 64 65 1615 2172 2295
63 64 65 1860 2076 2744
63 64 65 1462 2463 2554
63 64 65 1475 2482 2565
63 64 65 2053 2559 2886
63 64 65 2106 2602 2839
63 64 65 2209 2666 2752
63 64 65 1813 2788 3056
63 64 65 1530 2009 2917
63 64 65 1742 2636 3087
