0 4 5 6 8 9 13 15 16 18 22 23 24 26 29 30 32 35 37 38 41 42 44 48 49
0 4 5 6 10 11 12 16 17 18 20 21 24 26 28 30 33 35 36 38 40 42 44 48 49
0 4 5 6 8 9 13 15 16 18 20 21 24 26 29 30 32 35 36 38 40 43 44 48 49
0 4 5 6 8 9 12 14 15 18 22 23 24 26 28 30 33 34 36 38 40 42 44 48 49
0 4 5 6 10 11 13 15 16 18 22 23 24 26 29 30 33 34 37 38 41 43 44 48 49
0 4 5 6 10 11 13 15 16 18 22 23 24 26 29 30 32 35 37 39 41 43 44 48 49
0 2 3 6 8 9 12 14 15 18 20 21 24 26 28 30 32 35 37 39 41 42 44 46 47
0 4 5 6 10 11 12 14 15 18 22 23 24 26 28 30 33 34 37 38 41 42 44 48 49
0 4 5 7 9 10 12 14 15 18 20 21 24 27 28 30 32 34 36 38 40 42 44 48 49
0 4 5 6 8 9 12 16 17 18 22 23 24 26 28 30 32 35 37 38 41 43 44 48 49
0 4 5 7 9 10 13 15 16 18 22 23 24 27 29 30 32 35 36 38 40 42 44 48 49
0 2 3 6 10 11 12 16 17 19 21 22 24 26 28 31 32 35 37 39 40 43 44 46 47
0 4 5 6 8 9 12 16 17 18 22 23 24 26 28 30 32 34 37 38 41 43 44 48 49
0 4 5 6 8 9 13 15 16 18 20 21 24 26 29 30 33 34 36 38 41 42 44 48 49
0 4 5 6 10 11 13 15 16 18 20 21 24 26 29 30 33 35 36 38 40 42 44 48 49
0 2 3 6 8 9 13 15 16 18 20 21 24 26 29 30 32 35 36 38 40 43 44 46 47
0 2 3 6 8 9 12 14 15 18 20 21 24 26 28 30 32 34 36 38 41 42 44 46 47
0 2 3 6 10 11 13 15 16 18 20 21 24 26 29 30 32 35 36 38 40 42 44 46 47
0 4 5 6 10 11 12 16 17 18 20 21 24 26 28 30 33 34 37 38 40 42 44 48 49
0 2 3 6 10 11 12 14 15 18 22 23 24 26 28 30 32 34 37 38 40 42 44 46 47
0 2 3 6 8 9 12 14 15 18 22 23 24 26 28 30 33 34 36 38 40 43 44 46 47
0 2 3 6 8 9 13 15 16 18 22 23 24 26 29 30 32 34 36 38 40 43 44 46 47
0 2 3 6 8 9 13 15 16 18 20 21 24 26 29 30 32 34 36 38 40 42 44 46 47
0 4 5 6 10 11 13 15 16 18 20 21 24 26 29 30 33 34 36 38 41 43 44 48 49
1 3 4 6 8 9 13 15 16 18 22 23 25 26 29 30 32 34 37 38 40 42 45 47 48
0 4 5 6 10 11 13 15 16 19 21 22 24 26 29 31 32 34 37 38 41 43 44 48 49
0 4 5 6 8 9 12 16 17 18 20 21 24 26 28 30 33 35 37 38 40 43 44 48 49
1 3 4 6 10 11 13 15 16 18 20 21 25 26 29 30 32 34 36 38 40 42 45 47 48
0 2 3 7 9 10 12 14 15 18 20 21 24 27 28 30 32 34 37 38 40 42 44 46 47
0 2 3 6 8 9 12 14 15 19 21 22 24 26 28 31 32 34 37 38 41 43 44 46 47
0 4 5 7 9 10 12 16 17 18 22 23 24 27 28 30 32 34 37 38 41 42 44 48 49
0 2 3 6 8 9 12 14 15 18 20 21 24 26 28 30 32 35 37 39 40 43 44 46 47
0 2 3 7 9 10 13 15 16 18 20 21 24 27 29 30 32 35 36 38 41 43 44 46 47
0 2 3 7 9 10 13 15 16 19 21 22 24 27 29 31 32 35 37 38 40 43 44 46 47
0 4 5 6 10 11 13 15 16 18 22 23 24 26 29 30 33 34 36 38 40 42 44 48 49
0 2 3 6 10 11 12 14 15 19 21 22 24 26 28 31 32 34 37 38 41 42 44 46 47
0 4 5 6 10 11 13 15 16 19 21 22 24 26 29 31 32 35 37 39 40 43 44 48 49
0 4 5 6 10 11 12 16 17 18 22 23 24 26 28 30 32 34 37 38 41 43 44 48 49
0 2 3 6 8 9 12 14 15 18 20 21 24 26 28 30 32 35 36 38 41 43 44 46 47
0 2 3 6 8 9 12 16 17 18 22 23 24 26 28 30 32 34 36 38 40 43 44 46 47
0 2 3 6 10 11 12 16 17 18 20 21 24 26 28 30 32 34 36 38 40 42 44 46 47
0 4 5 7 9 10 13 15 16 18 22 23 24 27 29 30 32 34 36 38 40 43 44 48 49
1 3 4 6 8 9 13 15 16 18 20 21 25 26 29 30 32 35 36 38 41 42 45 47 48
0 2 3 7 9 10 12 16 17 18 20 21 24 27 28 30 32 34 36 38 41 42 44 46 47
0 2 3 6 10 11 12 16 17 18 20 21 24 26 28 30 32 35 36 38 40 43 44 46 47
0 4 5 7 9 10 12 14 15 18 22 23 24 27 28 30 32 35 37 38 40 42 44 48 49
0 4 5 6 8 9 12 16 17 19 21 22 24 26 28 31 32 34 37 38 41 42 44 48 49
0 4 5 6 10 11 12 14 15 18 22 23 24 26 28 30 33 35 37 38 41 43 44 48 49
0 2 3 6 10 11 13 15 16 19 21 22 24 26 29 31 32 35 37 38 40 42 44 46 47
0 2 3 6 10 11 12 14 15 18 22 23 24 26 28 30 32 35 37 38 41 42 44 46 47
0 2 3 6 8 9 12 16 17 19 21 22 24 26 28 31 32 35 37 38 41 42 44 46 47
0 2 3 6 10 11 12 14 15 18 22 23 24 26 28 30 32 34 36 38 40 42 44 46 47
0 4 5 6 8 9 12 14 15 18 22 23 24 26 28 30 32 35 36 38 41 42 44 48 49
0 4 5 6 8 9 13 15 16 18 20 21 24 26 29 30 32 35 36 38 41 42 44 48 49
0 4 5 6 8 9 12 16 17 18 20 21 24 26 28 30 32 34 37 38 41 42 44 48 49
0 2 3 7 9 10 13 15 16 19 21 22 24 27 29 31 32 35 37 39 41 43 44 46 47
0 2 3 6 8 9 13 15 16 18 20 21 24 26 29 30 32 35 37 39 41 43 44 46 47
0 2 3 6 10 11 12 14 15 18 20 21 24 26 28 30 32 35 37 39 41 42 44 46 47
0 4 5 6 8 9 12 16 17 18 22 23 24 26 28 30 32 34 36 38 41 42 44 48 49
0 4 5 6 8 9 13 15 16 18 20 21 24 26 29 30 32 34 36 38 41 43 44 48 49
0 4 5 6 10 11 12 16 17 18 22 23 24 26 28 30 32 34 36 38 40 43 44 48 49
0 2 3 6 8 9 12 14 15 18 20 21 24 26 28 30 33 34 37 38 40 42 44 46 47
0 4 5 7 9 10 12 16 17 18 20 21 24 27 28 30 32 34 36 38 40 43 44 48 49
0 4 5 6 8 9 12 16 17 18 20 21 24 26 28 30 32 35 36 38 40 43 44 48 49
0 2 3 7 9 10 13 15 16 18 22 23 24 27 29 30 32 34 37 38 41 43 44 46 47
0 2 3 6 8 9 12 14 15 18 22 23 24 26 28 30 32 34 37 38 40 43 44 46 47
0 4 5 6 10 11 12 16 17 18 22 23 24 26 28 30 32 35 37 38 41 43 44 48 49
0 4 5 6 10 11 12 14 15 18 22 23 24 26 28 30 33 34 36 38 40 42 44 48 49
0 4 5 6 10 11 13 15 16 18 22 23 24 26 29 30 32 35 37 38 40 42 44 48 49
0 4 5 6 8 9 12 14 15 18 22 23 24 26 28 30 32 34 37 38 40 42 44 48 49
0 4 5 6 8 9 12 14 15 18 20 21 24 26 28 30 32 34 37 38 40 43 44 48 49
0 4 5 6 10 11 12 16 17 18 20 21 24 26 28 30 33 34 37 38 40 43 44 48 49
0 4 5 6 10 11 13 15 16 18 20 21 24 26 29 30 32 34 36 38 41 43 44 48 49
0 4 5 6 10 11 12 14 15 18 20 21 24 26 28 30 33 35 37 38 41 43 44 48 49
0 2 3 6 10 11 13 15 16 18 22 23 24 26 29 30 33 34 37 38 41 42 44 46 47
0 2 3 6 10 11 13 15 16 18 22 23 24 26 29 30 33 34 36 38 40 43 44 46 47
0 4 5 6 8 9 13 15 16 18 20 21 24 26 29 30 33 34 37 38 40 43 44 48 49
0 2 3 6 8 9 12 16 17 18 22 23 24 26 28 30 32 34 36 38 41 42 44 46 47
0 2 3 6 10 11 12 16 17 18 20 21 24 26 28 30 33 34 36 38 40 43 44 46 47
0 2 3 6 10 11 12 14 15 18 22 23 24 26 28 30 32 35 37 38 40 42 44 46 47
0 2 3 6 10 11 13 15 16 18 20 21 24 26 29 30 33 34 37 38 40 43 44 46 47
0 4 5 6 8 9 12 14 15 18 22 23 24 26 28 30 33 34 36 38 41 42 44 48 49
0 4 5 6 8 9 12 14 15 19 21 22 24 26 28 31 32 34 37 38 40 43 44 48 49
0 2 3 6 10 11 13 15 16 19 21 22 24 26 29 31 32 34 37 38 41 43 44 46 47
0 4 5 6 10 11 13 15 16 18 20 21 24 26 29 30 32 35 37 38 40 43 44 48 49
0 4 5 6 8 9 12 16 17 18 22 23 24 26 28 30 32 34 36 38 40 42 44 48 49
0 2 3 6 8 9 13 15 16 18 22 23 24 26 29 30 32 35 37 38 41 43 44 46 47
0 4 5 7 9 10 12 16 17 18 22 23 24 27 28 30 32 34 37 38 40 43 44 48 49
0 4 5 6 8 9 13 15 16 18 22 23 24 26 29 30 32 35 37 39 40 42 44 48 49
0 4 5 6 8 9 12 14 15 18 22 23 24 26 28 30 33 34 36 38 40 43 44 48 49
0 4 5 6 8 9 12 14 15 18 22 23 24 26 28 30 32 35 37 39 41 43 44 48 49
0 2 3 6 8 9 12 16 17 18 22 23 24 26 28 30 32 34 37 38 41 42 44 46 47
1 3 4 6 10 11 13 15 16 18 22 23 25 26 29 30 32 34 36 38 40 42 45 47 48
0 2 3 6 8 9 13 15 16 18 22 23 24 26 29 30 33 35 37 39 40 42 44 46 47
0 4 5 7 9 10 12 16 17 18 22 23 24 27 28 30 32 34 37 38 41 43 44 48 49
0 4 5 6 8 9 12 14 15 18 20 21 24 26 28 30 33 34 37 38 41 42 44 48 49
0 4 5 6 8 9 12 14 15 18 22 23 24 26 28 30 32 35 37 38 40 42 44 48 49
0 2 3 6 10 11 12 14 15 18 22 23 24 26 28 30 33 35 37 38 40 42 44 46 47
0 4 5 6 8 9 12 16 17 18 20 21 24 26 28 30 33 35 37 38 41 42 44 48 49
0 2 3 6 8 9 12 16 17 18 20 21 24 26 28 30 33 34 37 38 41 43 44 46 47
0 2 3 6 8 9 12 14 15 18 20 21 24 26 28 30 33 34 37 38 41 42 44 46 47
0 2 3 7 9 10 12 16 17 18 22 23 24 27 28 30 32 34 36 38 41 42 44 46 47
0 2 3 6 10 11 12 14 15 18 20 21 24 26 28 30 32 35 36 38 40 42 44 46 47
0 2 3 6 8 9 13 15 16 19 21 22 24 26 29 31 32 34 37 38 41 42 44 46 47
0 2 3 6 8 9 12 16 17 18 22 23 24 26 28 30 32 35 36 38 41 43 44 46 47
0 2 3 6 10 11 12 14 15 18 20 21 24 26 28 30 33 34 37 38 40 43 44 46 47
1 3 4 6 10 11 13 15 16 19 21 22 25 26 29 31 32 35 37 38 41 42 45 47 48
0 2 3 6 10 11 12 14 15 18 20 21 24 26 28 30 32 35 37 38 40 42 44 46 47
0 2 3 6 10 11 12 16 17 18 20 21 24 26 28 30 32 35 36 38 40 42 44 46 47
0 2 3 7 9 10 12 16 17 18 20 21 24 27 28 30 32 34 36 38 41 43 44 46 47
1 3 4 6 10 11 13 15 16 19 21 22 25 26 29 31 32 34 37 38 41 42 45 47 48
0 2 3 6 8 9 12 16 17 19 21 22 24 26 28 31 32 35 37 38 40 42 44 46 47
0 4 5 6 10 11 12 16 17 18 20 21 24 26 28 30 32 35 37 39 40 43 44 48 49
0 4 5 6 8 9 12 16 17 18 22 23 24 26 28 30 33 35 37 38 40 42 44 48 49
0 2 3 6 8 9 12 14 15 18 20 21 24 26 28 30 33 35 36 38 40 42 44 46 47
1 3 4 6 8 9 13 15 16 18 20 21 25 26 29 30 32 34 36 38 41 42 45 47 48
0 2 3 6 8 9 12 16 17 18 22 23 24 26 28 30 33 35 37 38 41 43 44 46 47
0 4 5 7 9 10 13 15 16 18 22 23 24 27 29 30 32 34 36 38 40 42 44 48 49
1 3 4 7 9 10 13 15 16 18 20 21 25 27 29 30 32 35 37 39 40 43 45 47 48
0 4 5 6 8 9 12 14 15 18 20 21 24 26 28 30 33 34 36 38 40 42 44 48 49
0 4 5 6 8 9 12 14 15 18 22 23 24 26 28 30 33 34 37 38 40 43 44 48 49
0 2 3 6 8 9 13 15 16 18 22 23 24 26 29 30 33 34 37 38 40 43 44 46 47
0 2 3 6 10 11 13 15 16 18 22 23 24 26 29 30 32 34 37 38 41 43 44 46 47
0 2 3 6 10 11 12 16 17 18 20 21 24 26 28 30 32 34 37 38 41 42 44 46 47
0 2 3 6 8 9 13 15 16 19 21 22 24 26 29 31 32 35 37 39 40 42 44 46 47
0 4 5 7 9 10 12 16 17 18 22 23 24 27 28 30 32 34 36 38 40 42 44 48 49
0 4 5 6 8 9 12 16 17 18 22 23 24 26 28 30 32 35 37 38 40 42 44 48 49
0 2 3 6 10 11 12 14 15 18 20 21 24 26 28 30 32 35 36 38 41 43 44 46 47
0 2 3 6 10 11 13 15 16 18 22 23 24 26 29 30 32 35 37 39 40 43 44 46 47
0 2 3 6 8 9 12 14 15 18 22 23 24 26 28 30 32 34 36 38 40 42 44 46 47
0 2 3 6 10 11 13 15 16 18 20 21 24 26 29 30 33 35 37 38 40 43 44 46 47
0 4 5 6 10 11 13 15 16 18 22 23 24 26 29 30 32 34 37 38 41 42 44 48 49
0 2 3 6 10 11 12 16 17 18 22 23 24 26 28 30 32 35 36 38 40 43 44 46 47
0 4 5 7 9 10 12 16 17 18 20 21 24 27 28 30 32 34 37 38 40 42 44 48 49
0 2 3 7 9 10 13 15 16 18 20 21 24 27 29 30 32 34 36 38 40 43 44 46 47
0 4 5 7 9 10 12 14 15 18 22 23 24 27 28 30 33 34 37 38 40 42 44 48 49
0 2 3 6 10 11 12 14 15 18 20 21 24 26 28 30 32 34 36 38 40 42 44 46 47
0 2 3 6 10 11 12 16 17 18 22 23 24 26 28 30 33 35 37 38 41 43 44 46 47
0 2 3 6 8 9 12 16 17 18 22 23 24 26 28 30 32 35 37 38 41 43 44 46 47
0 2 3 6 8 9 12 16 17 18 22 23 24 26 28 30 32 35 37 38 40 43 44 46 47
0 4 5 6 10 11 12 16 17 18 20 21 24 26 28 30 32 35 37 38 41 42 44 48 49
0 2 3 6 10 11 12 16 17 18 22 23 24 26 28 30 32 34 37 38 40 42 44 46 47
0 2 3 6 10 11 12 14 15 18 22 23 24 26 28 30 33 34 36 38 40 43 44 46 47
0 4 5 6 10 11 12 16 17 19 21 22 24 26 28 31 32 34 37 38 41 43 44 48 49
0 2 3 7 9 10 12 16 17 18 20 21 24 27 28 30 32 34 37 38 40 43 44 46 47
0 2 3 7 9 10 12 14 15 19 21 22 24 27 28 31 32 34 37 38 41 42 44 46 47
0 2 3 7 9 10 12 16 17 18 20 21 24 27 28 30 32 35 37 39 40 42 44 46 47
0 2 3 6 8 9 12 16 17 19 21 22 24 26 28 31 32 35 37 38 40 43 44 46 47
0 2 3 6 8 9 13 15 16 18 20 21 24 26 29 30 32 35 37 39 40 43 44 46 47
0 2 3 7 9 10 12 16 17 18 22 23 24 27 28 30 32 35 37 38 40 42 44 46 47
1 3 4 6 10 11 13 15 16 19 21 22 25 26 29 31 32 35 37 38 40 42 45 47 48
1 3 4 6 8 9 13 15 16 19 21 22 25 26 29 31 32 35 37 39 41 42 45 47 48
0 4 5 6 10 11 12 16 17 18 22 23 24 26 28 30 32 34 37 38 40 43 44 48 49
0 2 3 6 10 11 12 16 17 18 22 23 24 26 28 30 32 35 37 39 41 43 44 46 47
0 4 5 6 8 9 13 15 16 18 22 23 24 26 29 30 33 35 37 39 40 42 44 48 49
0 4 5 6 10 11 12 14 15 18 22 23 24 26 28 30 32 35 37 39 40 42 44 48 49
0 4 5 6 10 11 12 16 17 19 21 22 24 26 28 31 32 35 37 39 40 43 44 48 49
0 2 3 6 10 11 13 15 16 18 20 21 24 26 29 30 33 35 36 38 40 42 44 46 47
0 2 3 6 10 11 13 15 16 18 20 21 24 26 29 30 33 34 36 38 41 42 44 46 47
0 4 5 6 10 11 13 15 16 19 21 22 24 26 29 31 32 35 37 38 41 42 44 48 49
0 4 5 6 10 11 12 14 15 18 22 23 24 26 28 30 32 34 36 38 40 42 44 48 49
0 4 5 6 8 9 12 16 17 18 22 23 24 26 28 30 32 35 36 38 41 43 44 48 49
0 2 3 7 9 10 12 14 15 18 20 21 24 27 28 30 32 34 37 38 41 42 44 46 47
0 4 5 6 10 11 12 16 17 18 20 21 24 26 28 30 32 34 37 38 41 43 44 48 49
0 4 5 6 10 11 12 16 17 18 20 21 24 26 28 30 33 35 37 38 41 42 44 48 49
0 2 3 6 10 11 12 16 17 18 20 21 24 26 28 30 33 34 36 38 41 43 44 46 47
0 4 5 6 10 11 12 14 15 18 22 23 24 26 28 30 33 34 36 38 41 42 44 48 49
0 2 3 6 10 11 12 14 15 18 20 21 24 26 28 30 33 34 36 38 41 42 44 46 47
1 3 4 6 8 9 13 15 16 18 22 23 25 26 29 30 32 34 36 38 40 42 45 47 48
0 2 3 6 8 9 13 15 16 18 22 23 24 26 29 30 33 34 36 38 40 43 44 46 47
0 4 5 6 8 9 13 15 16 18 20 21 24 26 29 30 32 34 36 38 41 42 44 48 49
0 2 3 6 10 11 13 15 16 18 22 23 24 26 29 30 33 34 37 38 41 43 44 46 47
0 2 3 6 10 11 12 14 15 19 21 22 24 26 28 31 32 35 37 38 41 43 44 46 47
0 4 5 6 10 11 12 16 17 18 20 21 24 26 28 30 33 35 37 39 40 42 44 48 49
0 2 3 7 9 10 12 16 17 19 21 22 24 27 28 31 32 35 37 38 41 43 44 46 47
0 4 5 6 10 11 12 16 17 18 20 21 24 26 28 30 32 35 37 39 40 42 44 48 49
0 2 3 6 10 11 12 16 17 18 22 23 24 26 28 30 32 35 37 39 41 42 44 46 47
0 2 3 7 9 10 13 15 16 18 22 23 24 27 29 30 32 35 37 38 41 43 44 46 47
0 2 3 6 10 11 12 14 15 18 20 21 24 26 28 30 33 34 36 38 41 43 44 46 47
1 3 4 6 8 9 13 15 16 18 22 23 25 26 29 30 32 35 37 38 41 43 45 47 48
0 2 3 6 10 11 12 14 15 18 22 23 24 26 28 30 32 35 36 38 41 42 44 46 47
0 4 5 6 10 11 12 16 17 18 22 23 24 26 28 30 32 35 37 39 40 42 44 48 49
0 4 5 7 9 10 12 16 17 18 22 23 24 27 28 30 32 35 37 38 41 43 44 48 49
0 4 5 6 10 11 12 16 17 18 22 23 24 26 28 30 32 34 37 38 41 42 44 48 49
0 2 3 6 10 11 13 15 16 19 21 22 24 26 29 31 32 34 37 38 40 42 44 46 47
0 4 5 7 9 10 12 16 17 18 22 23 24 27 28 30 33 34 36 38 41 43 44 48 49
1 3 4 6 8 9 13 15 16 19 21 22 25 26 29 31 32 35 37 38 40 43 45 47 48
0 2 3 6 8 9 13 15 16 18 20 21 24 26 29 30 32 34 36 38 41 42 44 46 47
0 4 5 6 8 9 13 15 16 18 20 21 24 26 29 30 32 35 36 38 40 42 44 48 49
0 4 5 6 8 9 12 16 17 18 22 23 24 26 28 30 32 35 37 38 40 43 44 48 49
0 2 3 6 10 11 12 14 15 18 20 21 24 26 28 30 32 35 37 38 41 42 44 46 47
0 2 3 7 9 10 12 14 15 19 21 22 24 27 28 31 32 35 37 39 40 42 44 46 47
0 4 5 6 10 11 13 15 16 18 22 23 24 26 29 30 33 35 37 38 41 43 44 48 49
0 4 5 7 9 10 13 15 16 18 20 21 24 27 29 30 32 34 36 38 41 42 44 48 49
0 2 3 6 8 9 12 16 17 18 22 23 24 26 28 30 32 35 36 38 40 43 44 46 47
0 4 5 6 8 9 13 15 16 18 20 21 24 26 29 30 32 34 37 38 40 42 44 48 49
0 4 5 6 10 11 12 16 17 19 21 22 24 26 28 31 32 35 37 38 41 43 44 48 49
0 2 3 6 8 9 12 16 17 18 20 21 24 26 28 30 32 35 37 39 41 42 44 46 47
0 4 5 6 8 9 13 15 16 18 22 23 24 26 29 30 32 35 37 38 40 43 44 48 49
0 2 3 7 9 10 12 14 15 18 22 23 24 27 28 30 32 35 37 38 41 43 44 46 47
0 2 3 6 10 11 12 14 15 18 20 21 24 26 28 30 33 35 37 38 40 43 44 46 47
0 2 3 6 10 11 12 14 15 18 22 23 24 26 28 30 33 34 36 38 40 42 44 46 47
0 4 5 6 8 9 12 14 15 18 20 21 24 26 28 30 33 34 36 38 40 43 44 48 49
0 4 5 6 10 11 12 14 15 18 20 21 24 26 28 30 32 34 37 38 40 42 44 48 49
0 4 5 6 8 9 12 16 17 18 22 23 24 26 28 30 32 35 36 38 41 42 44 48 49
0 4 5 6 8 9 12 14 15 18 22 23 24 26 28 30 33 35 37 39 40 42 44 48 49
0 2 3 6 8 9 13 15 16 18 20 21 24 26 29 30 32 35 37 38 41 42 44 46 47
0 4 5 7 9 10 12 14 15 18 22 23 24 27 28 30 32 34 36 38 40 42 44 48 49
0 2 3 6 8 9 13 15 16 19 21 22 24 26 29 31 32 35 37 39 41 43 44 46 47
0 2 3 6 8 9 12 16 17 19 21 22 24 26 28 31 32 35 37 39 41 42 44 46 47
0 2 3 6 8 9 12 16 17 18 20 21 24 26 28 30 33 34 37 38 40 42 44 46 47
0 2 3 6 10 11 13 15 16 18 22 23 24 26 29 30 33 35 37 38 41 43 44 46 47
0 2 3 6 10 11 12 14 15 18 22 23 24 26 28 30 33 34 36 38 41 43 44 46 47
0 4 5 6 10 11 13 15 16 18 22 23 24 26 29 30 32 35 37 39 40 42 44 48 49
0 4 5 6 10 11 13 15 16 18 22 23 24 26 29 30 32 34 37 38 40 43 44 48 49
0 2 3 6 8 9 12 14 15 19 21 22 24 26 28 31 32 35 37 39 41 42 44 46 47
0 2 3 7 9 10 12 16 17 18 22 23 24 27 28 30 32 35 36 38 41 43 44 46 47
0 2 3 6 10 11 12 16 17 18 20 21 24 26 28 30 33 35 36 38 40 42 44 46 47
0 4 5 6 10 11 13 15 16 18 20 21 24 26 29 30 32 34 37 38 40 42 44 48 49
0 4 5 6 8 9 12 14 15 18 22 23 24 26 28 30 33 35 37 38 40 42 44 48 49
1 3 4 6 10 11 13 15 16 18 20 21 25 26 29 30 32 35 36 38 40 42 45 47 48
0 2 3 6 10 11 13 15 16 18 22 23 24 26 29 30 32 34 37 38 40 42 44 46 47
0 4 5 6 8 9 13 15 16 18 22 23 24 26 29 30 33 35 36 38 40 42 44 48 49
0 4 5 6 8 9 13 15 16 18 22 23 24 26 29 30 33 34 36 38 41 42 44 48 49
1 3 4 7 9 10 13 15 16 18 22 23 25 27 29 30 32 35 36 38 40 42 45 47 48
0 4 5 6 10 11 13 15 16 18 22 23 24 26 29 30 32 34 37 38 40 42 44 48 49
0 2 3 6 8 9 12 16 17 18 20 21 24 26 28 30 33 34 36 38 40 43 44 46 47
0 4 5 6 8 9 13 15 16 18 20 21 24 26 29 30 32 35 37 38 41 42 44 48 49
0 4 5 6 10 11 12 16 17 18 22 23 24 26 28 30 33 34 37 38 40 42 44 48 49
0 4 5 6 10 11 12 16 17 18 22 23 24 26 28 30 33 35 37 38 41 43 44 48 49
0 2 3 7 9 10 13 15 16 19 21 22 24 27 29 31 32 35 37 38 41 43 44 46 47
0 2 3 6 8 9 12 16 17 18 22 23 24 26 28 30 33 34 37 38 40 42 44 46 47
0 2 3 7 9 10 12 14 15 18 22 23 24 27 28 30 32 35 37 38 40 42 44 46 47
0 4 5 6 10 11 13 15 16 18 22 23 24 26 29 30 32 35 36 38 41 43 44 48 49
0 2 3 6 10 11 12 14 15 18 22 23 24 26 28 30 33 35 37 39 41 43 44 46 47
0 4 5 6 10 11 12 16 17 18 22 23 24 26 28 30 32 35 37 39 40 43 44 48 49
0 2 3 6 10 11 12 16 17 18 22 23 24 26 28 30 32 34 37 38 41 42 44 46 47
0 4 5 7 9 10 13 15 16 18 20 21 24 27 29 30 33 34 36 38 41 43 44 48 49
0 4 5 6 10 11 13 15 16 19 21 22 24 26 29 31 32 35 37 38 40 42 44 48 49
0 2 3 6 10 11 12 16 17 18 20 21 24 26 28 30 32 35 37 38 41 42 44 46 47
0 2 3 6 8 9 12 14 15 18 20 21 24 26 28 30 32 34 37 38 40 42 44 46 47
0 4 5 6 8 9 13 15 16 18 22 23 24 26 29 30 32 35 37 39 41 43 44 48 49
0 4 5 6 10 11 12 14 15 18 22 23 24 26 28 30 32 34 37 38 41 42 44 48 49
0 2 3 6 10 11 12 14 15 18 22 23 24 26 28 30 32 35 36 38 41 43 44 46 47
0 2 3 6 10 11 12 14 15 18 22 23 24 26 28 30 33 35 37 38 41 43 44 46 47
0 4 5 6 10 11 12 14 15 18 20 21 24 26 28 30 32 35 36 38 40 42 44 48 49
0 2 3 6 8 9 12 14 15 19 21 22 24 26 28 31 32 35 37 39 40 43 44 46 47
0 4 5 6 8 9 13 15 16 19 21 22 24 26 29 31 32 35 37 38 41 42 44 48 49
1 3 4 6 10 11 13 15 16 18 20 21 25 26 29 30 32 35 37 38 41 43 45 47 48
0 2 3 6 8 9 12 16 17 18 20 21 24 26 28 30 32 34 36 38 41 43 44 46 47
0 4 5 6 8 9 13 15 16 18 20 21 24 26 29 30 32 35 37 38 41 43 44 48 49
0 4 5 6 10 11 13 15 16 19 21 22 24 26 29 31 32 35 37 38 41 43 44 48 49
0 4 5 6 8 9 12 16 17 19 21 22 24 26 28 31 32 34 37 38 40 42 44 48 49
0 4 5 6 10 11 12 14 15 18 22 23 24 26 28 30 33 35 36 38 41 43 44 48 49
0 4 5 6 10 11 13 15 16 18 22 23 24 26 29 30 32 34 36 38 40 42 44 48 49
0 4 5 6 8 9 12 16 17 18 20 21 24 26 28 30 33 34 36 38 40 43 44 48 49
0 2 3 6 8 9 13 15 16 18 20 21 24 26 29 30 32 35 37 38 40 42 44 46 47
0 4 5 7 9 10 13 15 16 18 20 21 24 27 29 30 32 34 37 38 40 43 44 48 49
0 4 5 6 10 11 13 15 16 18 22 23 24 26 29 30 33 34 37 38 41 42 44 48 49
0 4 5 6 10 11 12 14 15 19 21 22 24 26 28 31 32 35 37 38 41 42 44 48 49
0 2 3 6 10 11 12 14 15 19 21 22 24 26 28 31 32 35 37 39 41 42 44 46 47
0 4 5 7 9 10 12 14 15 18 20 21 24 27 28 30 32 34 36 38 40 43 44 48 49
0 2 3 7 9 10 13 15 16 18 22 23 24 27 29 30 32 34 36 38 41 42 44 46 47
0 2 3 6 10 11 13 15 16 18 22 23 24 26 29 30 32 35 37 38 41 43 44 46 47
0 2 3 6 10 11 13 15 16 18 20 21 24 26 29 30 33 35 37 39 41 43 44 46 47
0 4 5 6 10 11 13 15 16 18 20 21 24 26 29 30 33 35 37 38 40 42 44 48 49
0 2 3 6 10 11 13 15 16 18 22 23 24 26 29 30 32 34 37 38 41 42 44 46 47
0 4 5 6 10 11 13 15 16 18 20 21 24 26 29 30 32 34 36 38 41 42 44 48 49
1 3 4 7 9 10 13 15 16 18 22 23 25 27 29 30 32 34 36 38 40 43 45 47 48
0 2 3 7 9 10 13 15 16 18 22 23 24 27 29 30 33 34 36 38 40 42 44 46 47
0 4 5 6 10 11 12 16 17 18 22 23 24 26 28 30 32 35 37 38 40 43 44 48 49
0 4 5 6 8 9 13 15 16 18 20 21 24 26 29 30 33 34 36 38 40 43 44 48 49
0 4 5 6 8 9 12 14 15 18 20 21 24 26 28 30 32 35 37 38 40 42 44 48 49
0 2 3 7 9 10 12 14 15 19 21 22 24 27 28 31 32 34 37 38 40 42 44 46 47
0 2 3 6 8 9 13 15 16 19 21 22 24 26 29 31 32 34 37 38 40 42 44 46 47
1 3 4 6 10 11 13 15 16 19 21 22 25 26 29 31 32 35 37 38 41 43 45 47 48
0 2 3 6 10 11 12 14 15 18 22 23 24 26 28 30 32 35 36 38 40 42 44 46 47
0 2 3 6 8 9 12 16 17 18 22 23 24 26 28 30 33 34 36 38 41 42 44 46 47
0 4 5 6 10 11 12 16 17 18 20 21 24 26 28 30 32 34 36 38 41 43 44 48 49
0 2 3 6 8 9 12 16 17 18 20 21 24 26 28 30 33 35 37 38 41 43 44 46 47
0 4 5 6 8 9 12 14 15 18 22 23 24 26 28 30 32 34 36 38 40 42 44 48 49
0 4 5 6 10 11 12 14 15 18 22 23 24 26 28 30 32 35 37 38 40 43 44 48 49
0 4 5 6 10 11 12 16 17 19 21 22 24 26 28 31 32 35 37 38 41 42 44 48 49
0 4 5 7 9 10 13 15 16 18 22 23 24 27 29 30 32 35 37 38 40 42 44 48 49
0 2 3 6 10 11 12 16 17 18 22 23 24 26 28 30 33 34 37 38 41 42 44 46 47
0 4 5 6 8 9 13 15 16 18 20 21 24 26 29 30 32 34 37 38 40 43 44 48 49
0 4 5 6 8 9 12 14 15 18 20 21 24 26 28 30 32 35 37 39 41 43 44 48 49
0 2 3 7 9 10 12 16 17 18 22 23 24 27 28 30 32 35 36 38 40 42 44 46 47
1 3 4 6 8 9 13 15 16 18 22 23 25 26 29 30 33 34 36 38 40 42 45 47 48
0 2 3 6 8 9 12 16 17 18 22 23 24 26 28 30 33 34 37 38 41 43 44 46 47
0 2 3 6 10 11 12 14 15 18 20 21 24 26 28 30 33 34 37 38 41 42 44 46 47
1 3 4 7 9 10 13 15 16 18 22 23 25 27 29 30 32 34 37 38 41 43 45 47 48
0 2 3 6 8 9 12 16 17 18 22 23 24 26 28 30 32 35 37 39 41 42 44 46 47
0 4 5 7 9 10 13 15 16 18 20 21 24 27 29 30 32 35 37 38 40 42 44 48 49
0 2 3 6 8 9 12 16 17 18 20 21 24 26 28 30 32 35 37 39 40 42 44 46 47
1 3 4 6 8 9 13 15 16 19 21 22 25 26 29 31 32 34 37 38 40 43 45 47 48
0 2 3 6 10 11 13 15 16 18 20 21 24 26 29 30 32 35 37 38 41 43 44 46 47
0 2 3 6 10 11 13 15 16 18 22 23 24 26 29 30 33 34 36 38 40 42 44 46 47
0 4 5 6 8 9 13 15 16 18 20 21 24 26 29 30 33 35 37 38 40 42 44 48 49
0 2 3 6 10 11 12 14 15 19 21 22 24 26 28 31 32 35 37 39 40 43 44 46 47
0 2 3 6 10 11 13 15 16 18 22 23 24 26 29 30 33 35 37 38 41 42 44 46 47
1 3 4 7 9 10 13 15 16 18 22 23 25 27 29 30 32 34 37 38 40 42 45 47 48
0 2 3 6 10 11 12 14 15 18 22 23 24 26 28 30 32 34 36 38 41 42 44 46 47
0 4 5 6 10 11 12 16 17 18 20 21 24 26 28 30 32 35 37 38 40 42 44 48 49
0 4 5 6 10 11 13 15 16 18 22 23 24 26 29 30 33 34 37 38 40 42 44 48 49
0 4 5 6 8 9 12 14 15 18 20 21 24 26 28 30 33 35 36 38 40 42 44 48 49
0 2 3 6 10 11 13 15 16 19 21 22 24 26 29 31 32 35 37 39 41 43 44 46 47
0 2 3 6 8 9 13 15 16 18 22 23 24 26 29 30 32 34 36 38 40 42 44 46 47
0 4 5 6 8 9 12 16 17 18 20 21 24 26 28 30 32 35 37 38 40 43 44 48 49
0 4 5 6 8 9 12 16 17 18 22 23 24 26 28 30 33 34 36 38 40 43 44 48 49
0 2 3 6 10 11 13 15 16 18 20 21 24 26 29 30 33 35 37 39 40 42 44 46 47
0 4 5 6 10 11 12 16 17 18 20 21 24 26 28 30 33 35 37 38 40 42 44 48 49
0 4 5 6 10 11 12 16 17 18 22 23 24 26 28 30 32 35 36 38 41 42 44 48 49
0 4 5 6 8 9 13 15 16 18 22 23 24 26 29 30 32 34 36 38 40 42 44 48 49
0 4 5 6 8 9 12 16 17 18 22 23 24 26 28 30 33 34 37 38 40 42 44 48 49
0 4 5 6 10 11 12 16 17 18 20 21 24 26 28 30 32 35 37 38 40 43 44 48 49
0 4 5 6 8 9 12 16 17 19 21 22 24 26 28 31 32 35 37 39 41 43 44 48 49
0 4 5 6 10 11 13 15 16 18 22 23 24 26 29 30 32 35 37 39 41 42 44 48 49
0 2 3 7 9 10 12 14 15 18 20 21 24 27 28 30 33 34 37 38 40 43 44 46 47
0 4 5 6 8 9 13 15 16 19 21 22 24 26 29 31 32 35 37 39 41 43 44 48 49
0 4 5 6 8 9 12 14 15 18 20 21 24 26 28 30 32 34 36 38 40 42 44 48 49
1 3 4 6 8 9 13 15 16 18 20 21 25 26 29 30 32 34 36 38 40 42 45 47 48
0 4 5 7 9 10 13 15 16 18 22 23 24 27 29 30 32 34 37 38 41 42 44 48 49
0 2 3 6 8 9 12 16 17 18 20 21 24 26 28 30 32 34 36 38 40 43 44 46 47
1 3 4 7 9 10 13 15 16 18 20 21 25 27 29 30 32 35 37 38 41 43 45 47 48
0 2 3 6 8 9 13 15 16 18 22 23 24 26 29 30 33 35 37 38 41 42 44 46 47
0 4 5 6 10 11 12 14 15 18 22 23 24 26 28 30 32 35 37 38 41 43 44 48 49
0 4 5 6 8 9 12 16 17 18 20 21 24 26 28 30 33 34 37 38 40 43 44 48 49
0 2 3 6 8 9 12 16 17 19 21 22 24 26 28 31 32 35 37 39 40 43 44 46 47
0 2 3 6 10 11 12 14 15 18 22 23 24 26 28 30 33 34 37 38 41 42 44 46 47
0 2 3 6 10 11 12 16 17 18 20 21 24 26 28 30 32 35 37 38 40 43 44 46 47
0 4 5 6 10 11 12 16 17 18 20 21 24 26 28 30 32 35 36 38 41 42 44 48 49
0 4 5 6 10 11 12 14 15 18 20 21 24 26 28 30 33 34 36 38 41 43 44 48 49
0 2 3 6 8 9 12 14 15 18 20 21 24 26 28 30 32 34 36 38 40 42 44 46 47
0 2 3 6 10 11 12 14 15 18 22 23 24 26 28 30 32 35 37 39 40 43 44 46 47
0 4 5 6 8 9 13 15 16 18 22 23 24 26 29 30 33 35 37 38 41 42 44 48 49
0 2 3 6 10 11 13 15 16 19 21 22 24 26 29 31 32 35 37 39 40 42 44 46 47
1 3 4 6 10 11 13 15 16 19 21 22 25 26 29 31 32 35 37 39 40 42 45 47 48
0 4 5 6 10 11 13 15 16 18 22 23 24 26 29 30 33 35 37 38 40 42 44 48 49
0 2 3 6 10 11 12 16 17 18 22 23 24 26 28 30 33 35 37 38 41 42 44 46 47
0 4 5 6 8 9 12 16 17 18 20 21 24 26 28 30 32 35 36 38 40 42 44 48 49
0 4 5 6 10 11 12 16 17 18 22 23 24 26 28 30 32 35 37 38 40 42 44 48 49
0 2 3 7 9 10 12 14 15 18 20 21 24 27 28 30 32 34 37 38 40 43 44 46 47
1 3 4 6 8 9 13 15 16 19 21 22 25 26 29 31 32 35 37 38 40 42 45 47 48
0 4 5 6 8 9 12 14 15 19 21 22 24 26 28 31 32 34 37 38 40 42 44 48 49
0 4 5 6 10 11 13 15 16 18 22 23 24 26 29 30 32 34 36 38 41 43 44 48 49
0 2 3 6 8 9 13 15 16 18 22 23 24 26 29 30 33 34 36 38 41 43 44 46 47
0 2 3 6 8 9 13 15 16 18 20 21 24 26 29 30 32 34 37 38 41 43 44 46 47
1 3 4 7 9 10 13 15 16 18 22 23 25 27 29 30 32 35 37 38 41 43 45 47 48
0 4 5 6 8 9 13 15 16 18 20 21 24 26 29 30 32 35 37 38 40 42 44 48 49
0 4 5 6 10 11 12 14 15 18 20 21 24 26 28 30 32 35 37 38 41 43 44 48 49
0 4 5 6 10 11 12 14 15 18 22 23 24 26 28 30 32 35 36 38 41 43 44 48 49
0 4 5 6 8 9 13 15 16 18 22 23 24 26 29 30 32 35 37 38 40 42 44 48 49
0 4 5 7 9 10 12 16 17 19 21 22 24 27 28 31 32 34 37 38 40 42 44 48 49
0 2 3 6 10 11 13 15 16 18 22 23 24 26 29 30 33 34 36 38 41 42 44 46 47
0 2 3 7 9 10 12 16 17 18 22 23 24 27 28 30 32 34 37 38 40 42 44 46 47
0 2 3 7 9 10 12 16 17 18 22 23 24 27 28 30 32 34 37 38 40 43 44 46 47
0 4 5 6 10 11 13 15 16 18 22 23 24 26 29 30 32 34 36 38 41 42 44 48 49
1 3 4 6 8 9 13 15 16 18 22 23 25 26 29 30 32 34 37 38 41 43 45 47 48
0 2 3 7 9 10 12 14 15 18 20 21 24 27 28 30 33 34 36 38 41 43 44 46 47
0 2 3 6 8 9 12 14 15 18 20 21 24 26 28 30 32 34 36 38 41 43 44 46 47
0 2 3 6 10 11 12 14 15 18 20 21 24 26 28 30 32 35 36 38 40 43 44 46 47
0 4 5 6 10 11 13 15 16 18 20 21 24 26 29 30 32 34 36 38 40 43 44 48 49
0 4 5 7 9 10 13 15 16 19 21 22 24 27 29 31 32 35 37 38 40 43 44 48 49
0 4 5 7 9 10 13 15 16 19 21 22 24 27 29 31 32 34 37 38 41 42 44 48 49
0 2 3 6 10 11 13 15 16 18 20 21 24 26 29 30 33 34 37 38 40 42 44 46 47
1 3 4 6 10 11 13 15 16 18 22 23 25 26 29 30 32 35 37 38 40 42 45 47 48
0 4 5 6 8 9 12 14 15 18 22 23 24 26 28 30 32 34 36 38 41 42 44 48 49
0 4 5 6 10 11 12 14 15 18 20 21 24 26 28 30 33 35 37 38 40 42 44 48 49
0 4 5 6 8 9 13 15 16 18 22 23 24 26 29 30 33 34 37 38 40 42 44 48 49
0 2 3 6 10 11 12 14 15 18 20 21 24 26 28 30 33 34 36 38 40 42 44 46 47
0 2 3 6 10 11 12 14 15 18 20 21 24 26 28 30 32 35 36 38 41 42 44 46 47
1 3 4 7 9 10 13 15 16 18 20 21 25 27 29 30 32 35 37 39 40 42 45 47 48
0 4 5 6 8 9 12 14 15 18 20 21 24 26 28 30 33 34 37 38 40 42 44 48 49
0 4 5 6 8 9 12 14 15 19 21 22 24 26 28 31 32 35 37 39 40 42 44 48 49
0 4 5 6 8 9 12 16 17 18 20 21 24 26 28 30 32 35 37 38 41 42 44 48 49
0 4 5 6 8 9 13 15 16 18 22 23 24 26 29 30 32 35 37 39 41 42 44 48 49
0 2 3 7 9 10 13 15 16 18 20 21 24 27 29 30 32 35 36 38 40 42 44 46 47
1 3 4 6 10 11 13 15 16 18 22 23 25 26 29 30 32 34 36 38 40 43 45 47 48
0 4 5 6 10 11 13 15 16 18 20 21 24 26 29 30 33 35 37 38 41 43 44 48 49
0 2 3 6 10 11 12 16 17 18 22 23 24 26 28 30 32 35 37 38 41 43 44 46 47
1 3 4 6 8 9 13 15 16 18 22 23 25 26 29 30 32 34 37 38 40 43 45 47 48
0 2 3 6 10 11 12 14 15 18 20 21 24 26 28 30 32 35 37 39 41 43 44 46 47
0 4 5 6 10 11 13 15 16 18 22 23 24 26 29 30 33 35 37 38 40 43 44 48 49
0 4 5 7 9 10 12 16 17 18 22 23 24 27 28 30 32 34 36 38 40 43 44 48 49
0 2 3 6 10 11 13 15 16 19 21 22 24 26 29 31 32 35 37 38 41 43 44 46 47
0 2 3 6 8 9 12 14 15 18 20 21 24 26 28 30 33 34 36 38 41 43 44 46 47
0 2 3 6 10 11 13 15 16 19 21 22 24 26 29 31 32 34 37 38 41 42 44 46 47
0 2 3 6 10 11 12 14 15 18 20 21 24 26 28 30 32 34 36 38 41 43 44 46 47
0 4 5 6 8 9 13 15 16 18 20 21 24 26 29 30 33 34 37 38 40 42 44 48 49
0 2 3 7 9 10 13 15 16 18 20 21 24 27 29 30 32 34 37 38 41 43 44 46 47
0 2 3 6 10 11 13 15 16 18 22 23 24 26 29 30 33 34 36 38 41 43 44 46 47
0 4 5 6 8 9 13 15 16 18 22 23 24 26 29 30 33 35 37 38 40 43 44 48 49
0 4 5 6 8 9 12 16 17 18 20 21 24 26 28 30 33 34 36 38 41 42 44 48 49
0 2 3 7 9 10 12 14 15 19 21 22 24 27 28 31 32 34 37 38 41 43 44 46 47
0 2 3 6 10 11 12 14 15 18 22 23 24 26 28 30 32 34 37 38 41 43 44 46 47
0 4 5 6 8 9 13 15 16 18 20 21 24 26 29 30 33 34 37 38 41 43 44 48 49
0 2 3 6 10 11 12 16 17 18 20 21 24 26 28 30 33 35 37 38 41 43 44 46 47
0 2 3 6 8 9 13 15 16 18 22 23 24 26 29 30 32 35 37 38 40 43 44 46 47
1 3 4 6 10 11 13 15 16 18 22 23 25 26 29 30 32 34 37 38 40 43 45 47 48
0 2 3 6 8 9 12 14 15 18 20 21 24 26 28 30 32 35 37 38 41 42 44 46 47
0 4 5 6 10 11 12 16 17 18 22 23 24 26 28 30 32 35 36 38 40 42 44 48 49
0 4 5 7 9 10 13 15 16 19 21 22 24 27 29 31 32 35 37 38 41 43 44 48 49
0 4 5 6 10 11 12 16 17 19 21 22 24 26 28 31 32 35 37 39 41 43 44 48 49
0 2 3 6 8 9 12 14 15 18 22 23 24 26 28 30 33 34 37 38 40 43 44 46 47
0 2 3 7 9 10 13 15 16 18 20 21 24 27 29 30 32 34 36 38 41 42 44 46 47
0 4 5 7 9 10 12 16 17 18 20 21 24 27 28 30 32 34 36 38 41 43 44 48 49
0 2 3 6 10 11 12 14 15 18 22 23 24 26 28 30 33 34 36 38 41 42 44 46 47
0 4 5 6 8 9 12 14 15 19 21 22 24 26 28 31 32 35 37 38 41 43 44 48 49
0 4 5 6 10 11 12 16 17 18 20 21 24 26 28 30 32 34 37 38 40 42 44 48 49
0 4 5 6 10 11 13 15 16 18 20 21 24 26 29 30 33 35 37 39 41 43 44 48 49
0 4 5 6 10 11 13 15 16 19 21 22 24 26 29 31 32 34 37 38 41 42 44 48 49
0 4 5 7 9 10 13 15 16 18 22 23 24 27 29 30 33 34 36 38 41 43 44 48 49
0 4 5 6 10 11 12 14 15 18 22 23 24 26 28 30 32 35 36 38 41 42 44 48 49
0 4 5 6 10 11 12 14 15 18 22 23 24 26 28 30 32 34 36 38 40 43 44 48 49
0 2 3 6 8 9 12 16 17 18 20 21 24 26 28 30 32 35 36 38 41 43 44 46 47
0 4 5 6 8 9 12 14 15 18 20 21 24 26 28 30 32 35 37 38 41 42 44 48 49
0 4 5 6 10 11 13 15 16 18 22 23 24 26 29 30 33 34 36 38 41 42 44 48 49
0 2 3 6 8 9 12 16 17 18 22 23 24 26 28 30 32 34 37 38 40 43 44 46 47
0 4 5 6 8 9 13 15 16 18 20 21 24 26 29 30 32 35 37 39 41 43 44 48 49
0 2 3 6 8 9 12 14 15 18 22 23 24 26 28 30 32 35 36 38 41 42 44 46 47
0 2 3 6 8 9 12 14 15 18 22 23 24 26 28 30 32 35 37 39 40 42 44 46 47
0 2 3 6 10 11 12 14 15 18 22 23 24 26 28 30 33 35 37 38 40 43 44 46 47
0 4 5 6 8 9 12 16 17 19 21 22 24 26 28 31 32 35 37 39 40 43 44 48 49
0 4 5 6 10 11 13 15 16 18 22 23 24 26 29 30 33 35 37 39 40 42 44 48 49
0 4 5 6 8 9 13 15 16 18 22 23 24 26 29 30 33 35 37 38 41 43 44 48 49
0 4 5 6 8 9 12 16 17 18 20 21 24 26 28 30 32 34 37 38 40 43 44 48 49
1 3 4 6 8 9 13 15 16 18 20 21 25 26 29 30 32 34 37 38 40 43 45 47 48
0 4 5 7 9 10 12 14 15 19 21 22 24 27 28 31 32 35 37 38 40 42 44 48 49
0 4 5 6 10 11 13 15 16 18 20 21 24 26 29 30 33 34 37 38 41 43 44 48 49
0 2 3 6 10 11 12 16 17 18 20 21 24 26 28 30 33 35 37 39 41 43 44 46 47
0 4 5 6 8 9 12 14 15 18 20 21 24 26 28 30 32 35 36 38 40 43 44 48 49
0 2 3 6 10 11 13 15 16 19 21 22 24 26 29 31 32 34 37 38 40 43 44 46 47
0 4 5 7 9 10 12 14 15 18 22 23 24 27 28 30 33 34 36 38 40 42 44 48 49
0 4 5 6 8 9 12 16 17 18 20 21 24 26 28 30 32 34 36 38 40 42 44 48 49
0 4 5 6 10 11 13 15 16 18 20 21 24 26 29 30 32 35 36 38 40 42 44 48 49
0 2 3 6 10 11 12 14 15 18 22 23 24 26 28 30 32 35 37 39 41 42 44 46 47
0 4 5 6 8 9 12 16 17 18 22 23 24 26 28 30 33 34 37 38 41 42 44 48 49
1 3 4 7 9 10 13 15 16 18 20 21 25 27 29 30 32 35 36 38 41 43 45 47 48
0 2 3 6 8 9 12 14 15 18 22 23 24 26 28 30 33 35 37 38 41 42 44 46 47
0 2 3 6 10 11 13 15 16 18 22 23 24 26 29 30 33 35 37 39 40 42 44 46 47
0 4 5 6 10 11 12 16 17 18 20 21 24 26 28 30 33 34 36 38 41 42 44 48 49
0 2 3 6 10 11 12 14 15 18 22 23 24 26 28 30 32 35 37 39 40 42 44 46 47
0 4 5 6 10 11 12 14 15 18 20 21 24 26 28 30 33 34 37 38 41 43 44 48 49
0 2 3 7 9 10 12 16 17 18 20 21 24 27 28 30 32 35 36 38 41 43 44 46 47
1 3 4 7 9 10 13 15 16 19 21 22 25 27 29 31 32 34 37 38 40 43 45 47 48
1 3 4 6 10 11 13 15 16 18 22 23 25 26 29 30 32 35 36 38 41 42 45 47 48
0 4 5 6 8 9 13 15 16 18 22 23 24 26 29 30 33 34 36 38 40 43 44 48 49
0 2 3 6 8 9 12 16 17 18 22 23 24 26 28 30 32 35 37 39 41 43 44 46 47
0 2 3 6 10 11 12 16 17 19 21 22 24 26 28 31 32 35 37 39 41 42 44 46 47
0 2 3 6 10 11 12 14 15 18 20 21 24 26 28 30 32 34 36 38 41 42 44 46 47
0 2 3 7 9 10 12 16 17 18 22 23 24 27 28 30 32 34 36 38 40 42 44 46 47
0 4 5 6 10 11 13 15 16 19 21 22 24 26 29 31 32 35 37 39 41 43 44 48 49
0 2 3 6 10 11 12 16 17 18 22 23 24 26 28 30 33 34 37 38 40 43 44 46 47
0 2 3 6 8 9 12 14 15 18 22 23 24 26 28 30 32 35 37 39 41 43 44 46 47
0 4 5 6 10 11 12 16 17 18 22 23 24 26 28 30 32 35 37 39 41 42 44 48 49
0 4 5 6 8 9 12 16 17 18 20 21 24 26 28 30 33 34 37 38 41 42 44 48 49
0 4 5 6 8 9 12 14 15 18 22 23 24 26 28 30 32 34 36 38 41 43 44 48 49
0 4 5 6 10 11 13 15 16 18 22 23 24 26 29 30 33 34 37 38 40 43 44 48 49
0 4 5 6 8 9 13 15 16 18 20 21 24 26 29 30 32 34 36 38 40 42 44 48 49
0 4 5 6 10 11 13 15 16 18 22 23 24 26 29 30 32 35 37 38 40 43 44 48 49
1 3 4 7 9 10 13 15 16 19 21 22 25 27 29 31 32 35 37 39 40 42 45 47 48
0 4 5 7 9 10 13 15 16 19 21 22 24 27 29 31 32 35 37 39 41 43 44 48 49
0 4 5 6 8 9 12 16 17 18 22 23 24 26 28 30 32 35 36 38 40 42 44 48 49
0 2 3 7 9 10 12 16 17 18 22 23 24 27 28 30 32 35 37 38 41 43 44 46 47
0 2 3 6 10 11 12 14 15 18 20 21 24 26 28 30 32 34 36 38 40 43 44 46 47
1 3 4 6 10 11 13 15 16 18 20 21 25 26 29 30 32 34 36 38 41 42 45 47 48
0 4 5 6 8 9 12 16 17 18 22 23 24 26 28 30 33 34 36 38 40 42 44 48 49
0 2 3 6 8 9 12 14 15 18 22 23 24 26 28 30 32 34 36 38 41 43 44 46 47
0 2 3 6 10 11 13 15 16 18 20 21 24 26 29 30 32 35 37 38 40 43 44 46 47
0 2 3 6 10 11 13 15 16 18 20 21 24 26 29 30 33 34 37 38 41 42 44 46 47
0 2 3 7 9 10 12 16 17 18 20 21 24 27 28 30 33 34 36 38 40 42 44 46 47
0 2 3 6 10 11 12 16 17 18 20 21 24 26 28 30 32 35 37 39 40 43 44 46 47
0 2 3 6 10 11 12 14 15 19 21 22 24 26 28 31 32 35 37 38 40 42 44 46 47
0 2 3 6 10 11 13 15 16 18 22 23 24 26 29 30 32 35 36 38 40 43 44 46 47
0 4 5 7 9 10 12 16 17 19 21 22 24 27 28 31 32 35 37 39 40 42 44 48 49
1 3 4 7 9 10 13 15 16 18 22 23 25 27 29 30 32 35 37 39 40 42 45 47 48
0 4 5 6 10 11 12 14 15 18 20 21 24 26 28 30 33 34 36 38 40 43 44 48 49
0 2 3 6 10 11 13 15 16 18 22 23 24 26 29 30 32 34 37 38 40 43 44 46 47
0 4 5 6 10 11 13 15 16 18 22 23 24 26 29 30 33 34 36 38 41 43 44 48 49
0 2 3 7 9 10 12 14 15 18 20 21 24 27 28 30 32 34 36 38 41 43 44 46 47
0 4 5 6 8 9 12 16 17 18 20 21 24 26 28 30 32 35 37 39 41 43 44 48 49
0 4 5 6 10 11 12 16 17 18 20 21 24 26 28 30 32 34 37 38 41 42 44 48 49
0 2 3 6 8 9 13 15 16 18 22 23 24 26 29 30 32 34 36 38 41 42 44 46 47
0 2 3 6 8 9 12 16 17 18 22 23 24 26 28 30 32 35 37 39 40 42 44 46 47
0 2 3 6 8 9 12 14 15 18 20 21 24 26 28 30 32 35 36 38 41 42 44 46 47
0 2 3 6 10 11 12 16 17 19 21 22 24 26 28 31 32 35 37 38 41 43 44 46 47
0 2 3 6 10 11 13 15 16 18 20 21 24 26 29 30 32 34 36 38 41 43 44 46 47
0 2 3 6 8 9 12 14 15 18 22 23 24 26 28 30 32 35 36 38 40 43 44 46 47
0 2 3 6 10 11 12 14 15 18 20 21 24 26 28 30 32 34 37 38 40 43 44 46 47
0 2 3 6 10 11 13 15 16 18 22 23 24 26 29 30 32 35 36 38 40 42 44 46 47
0 4 5 6 10 11 12 14 15 18 22 23 24 26 28 30 33 34 36 38 40 43 44 48 49
0 2 3 6 10 11 12 16 17 18 20 21 24 26 28 30 32 35 37 38 40 42 44 46 47
0 2 3 6 8 9 13 15 16 18 20 21 24 26 29 30 32 34 37 38 40 42 44 46 47
0 4 5 6 10 11 12 16 17 18 22 23 24 26 28 30 32 35 36 38 40 43 44 48 49
0 4 5 7 9 10 12 14 15 19 21 22 24 27 28 31 32 35 37 38 41 43 44 48 49
0 4 5 6 10 11 12 14 15 18 22 23 24 26 28 30 32 34 37 38 41 43 44 48 49
0 4 5 6 10 11 12 16 17 18 20 21 24 26 28 30 32 35 36 38 40 43 44 48 49
0 2 3 6 8 9 13 15 16 18 20 21 24 26 29 30 32 34 36 38 40 43 44 46 47
0 4 5 6 8 9 13 15 16 19 21 22 24 26 29 31 32 35 37 38 41 43 44 48 49
0 4 5 6 8 9 13 15 16 18 20 21 24 26 29 30 32 35 37 38 40 43 44 48 49
0 4 5 6 10 11 13 15 16 19 21 22 24 26 29 31 32 34 37 38 40 43 44 48 49
0 2 3 6 10 11 12 16 17 18 22 23 24 26 28 30 32 35 36 38 40 42 44 46 47
0 2 3 6 8 9 13 15 16 18 22 23 24 26 29 30 32 34 37 38 41 43 44 46 47
0 2 3 7 9 10 13 15 16 18 20 21 24 27 29 30 32 34 36 38 40 42 44 46 47
1 3 4 6 8 9 13 15 16 19 21 22 25 26 29 31 32 35 37 39 40 42 45 47 48
0 4 5 7 9 10 12 14 15 18 20 21 24 27 28 30 32 34 37 38 41 43 44 48 49
0 2 3 6 10 11 12 16 17 18 22 23 24 26 28 30 32 35 37 38 40 42 44 46 47
0 4 5 7 9 10 12 14 15 19 21 22 24 27 28 31 32 34 37 38 40 43 44 48 49
0 2 3 6 8 9 12 16 17 18 20 21 24 26 28 30 33 34 37 38 41 42 44 46 47
1 3 4 7 9 10 13 15 16 19 21 22 25 27 29 31 32 34 37 38 41 43 45 47 48
1 3 4 7 9 10 13 15 16 18 22 23 25 27 29 30 32 34 37 38 40 43 45 47 48
0 4 5 7 9 10 12 16 17 18 22 23 24 27 28 30 33 34 37 38 40 43 44 48 49
0 4 5 6 10 11 13 15 16 18 20 21 24 26 29 30 33 34 36 38 41 42 44 48 49
0 4 5 6 10 11 13 15 16 19 21 22 24 26 29 31 32 34 37 38 40 42 44 48 49
1 3 4 6 10 11 13 15 16 18 22 23 25 26 29 30 32 35 36 38 40 42 45 47 48
0 2 3 6 10 11 12 14 15 18 22 23 24 26 28 30 32 34 36 38 40 43 44 46 47
1 3 4 6 10 11 13 15 16 18 20 21 25 26 29 30 32 35 36 38 41 43 45 47 48
0 4 5 6 8 9 12 16 17 18 20 21 24 26 28 30 33 34 36 38 40 42 44 48 49
1 3 4 6 8 9 13 15 16 19 21 22 25 26 29 31 32 34 37 38 41 43 45 47 48
0 2 3 6 8 9 12 16 17 19 21 22 24 26 28 31 32 34 37 38 41 43 44 46 47
0 2 3 6 10 11 12 16 17 18 20 21 24 26 28 30 33 35 37 38 40 42 44 46 47
0 2 3 7 9 10 13 15 16 18 22 23 24 27 29 30 32 34 37 38 40 42 44 46 47
0 2 3 6 8 9 12 14 15 18 20 21 24 26 28 30 32 34 37 38 40 43 44 46 47
1 3 4 6 8 9 13 15 16 18 22 23 25 26 29 30 32 34 36 38 41 42 45 47 48
0 2 3 6 10 11 12 16 17 18 20 21 24 26 28 30 32 35 37 38 41 43 44 46 47
1 3 4 6 10 11 13 15 16 18 20 21 25 26 29 30 32 34 36 38 41 43 45 47 48
0 2 3 6 10 11 13 15 16 18 22 23 24 26 29 30 32 34 36 38 40 43 44 46 47
0 2 3 6 8 9 12 14 15 18 22 23 24 26 28 30 32 35 37 38 41 43 44 46 47
0 2 3 6 10 11 12 14 15 19 21 22 24 26 28 31 32 35 37 38 40 43 44 46 47
0 2 3 6 10 11 12 14 15 18 22 23 24 26 28 30 33 34 37 38 41 43 44 46 47
0 4 5 7 9 10 13 15 16 18 20 21 24 27 29 30 32 34 36 38 40 43 44 48 49
0 2 3 6 8 9 13 15 16 18 22 23 24 26 29 30 32 34 37 38 41 42 44 46 47
0 4 5 6 8 9 12 14 15 18 22 23 24 26 28 30 32 35 36 38 41 43 44 48 49
0 2 3 6 10 11 12 14 15 18 20 21 24 26 28 30 33 34 37 38 41 43 44 46 47
0 2 3 6 10 11 12 14 15 18 20 21 24 26 28 30 32 35 37 39 40 43 44 46 47
0 4 5 6 8 9 12 14 15 19 21 22 24 26 28 31 32 35 37 39 41 42 44 48 49
0 2 3 7 9 10 13 15 16 18 20 21 24 27 29 30 32 34 37 38 41 42 44 46 47
0 4 5 6 10 11 12 16 17 19 21 22 24 26 28 31 32 34 37 38 41 42 44 48 49
0 2 3 6 8 9 12 14 15 18 20 21 24 26 28 30 33 35 37 38 41 43 44 46 47
0 4 5 7 9 10 13 15 16 19 21 22 24 27 29 31 32 35 37 38 40 42 44 48 49
0 2 3 6 8 9 12 16 17 18 20 21 24 26 28 30 32 35 37 39 41 43 44 46 47
0 2 3 6 10 11 12 16 17 18 22 23 24 26 28 30 32 34 36 38 40 42 44 46 47
0 2 3 6 10 11 12 16 17 18 22 23 24 26 28 30 33 35 37 39 41 43 44 46 47
0 2 3 6 8 9 12 16 17 18 20 21 24 26 28 30 33 35 36 38 41 43 44 46 47
0 2 3 6 8 9 12 14 15 19 21 22 24 26 28 31 32 35 37 38 41 43 44 46 47
0 2 3 6 8 9 12 14 15 18 20 21 24 26 28 30 32 35 37 39 41 43 44 46 47
0 2 3 6 8 9 13 15 16 18 20 21 24 26 29 30 33 34 37 38 41 43 44 46 47
0 4 5 6 8 9 12 16 17 18 22 23 24 26 28 30 32 35 37 39 41 43 44 48 49
0 4 5 6 10 11 12 14 15 18 20 21 24 26 28 30 32 34 36 38 41 42 44 48 49
0 2 3 6 8 9 13 15 16 18 22 23 24 26 29 30 33 35 36 38 40 42 44 46 47
0 2 3 6 10 11 12 16 17 18 22 23 24 26 28 30 32 35 36 38 41 43 44 46 47
0 4 5 7 9 10 13 15 16 19 21 22 24 27 29 31 32 34 37 38 41 43 44 48 49
0 2 3 6 10 11 12 16 17 18 20 21 24 26 28 30 33 35 37 39 40 42 44 46 47
0 2 3 6 10 11 13 15 16 18 20 21 24 26 29 30 32 35 37 39 40 43 44 46 47
0 2 3 6 10 11 12 16 17 18 20 21 24 26 28 30 33 34 36 38 40 42 44 46 47
0 2 3 6 10 11 12 14 15 19 21 22 24 26 28 31 32 35 37 38 41 42 44 46 47
0 2 3 6 8 9 12 14 15 18 22 23 24 26 28 30 32 34 37 38 41 42 44 46 47
0 2 3 6 8 9 12 16 17 18 22 23 24 26 28 30 32 35 37 39 40 43 44 46 47
0 2 3 7 9 10 12 16 17 19 21 22 24 27 28 31 32 34 37 38 40 43 44 46 47
0 4 5 6 8 9 12 14 15 19 21 22 24 26 28 31 32 34 37 38 41 43 44 48 49
0 2 3 6 10 11 12 14 15 19 21 22 24 26 28 31 32 35 37 39 40 42 44 46 47
0 4 5 6 10 11 12 16 17 18 22 23 24 26 28 30 32 34 37 38 40 42 44 48 49
1 3 4 6 8 9 13 15 16 18 20 21 25 26 29 30 32 34 36 38 41 43 45 47 48
0 4 5 6 8 9 12 14 15 18 22 23 24 26 28 30 32 35 37 38 40 43 44 48 49
0 2 3 6 10 11 13 15 16 19 21 22 24 26 29 31 32 35 37 39 40 43 44 46 47
0 4 5 6 8 9 12 14 15 18 22 23 24 26 28 30 33 34 36 38 41 43 44 48 49
0 2 3 6 10 11 12 14 15 18 22 23 24 26 28 30 32 35 37 38 41 43 44 46 47
0 4 5 6 10 11 12 14 15 18 20 21 24 26 28 30 33 34 36 38 40 42 44 48 49
0 2 3 6 8 9 13 15 16 18 22 23 24 26 29 30 32 35 37 39 40 43 44 46 47
0 2 3 6 8 9 13 15 16 18 22 23 24 26 29 30 32 35 36 38 41 42 44 46 47
0 2 3 6 10 11 13 15 16 18 22 23 24 26 29 30 32 35 36 38 41 43 44 46 47
0 2 3 6 8 9 12 14 15 18 22 23 24 26 28 30 33 34 37 38 41 43 44 46 47
0 2 3 7 9 10 12 16 17 19 21 22 24 27 28 31 32 34 37 38 41 43 44 46 47
0 4 5 6 8 9 12 14 15 18 22 23 24 26 28 30 33 35 36 38 41 43 44 48 49
0 4 5 6 10 11 12 16 17 18 20 21 24 26 28 30 32 35 36 38 41 43 44 48 49
1 3 4 7 9 10 13 15 16 18 20 21 25 27 29 30 32 34 37 38 41 43 45 47 48
0 2 3 6 8 9 13 15 16 19 21 22 24 26 29 31 32 34 37 38 41 43 44 46 47
0 4 5 6 10 11 12 14 15 18 20 21 24 26 28 30 33 35 37 39 40 42 44 48 49
0 4 5 6 8 9 12 16 17 18 20 21 24 26 28 30 32 34 37 38 40 42 44 48 49
0 2 3 6 8 9 12 16 17 18 22 23 24 26 28 30 32 35 37 38 40 42 44 46 47
0 2 3 7 9 10 12 14 15 18 22 23 24 27 28 30 32 34 37 38 40 42 44 46 47
0 4 5 6 10 11 12 14 15 18 22 23 24 26 28 30 32 34 36 38 41 42 44 48 49
0 2 3 6 10 11 13 15 16 18 20 21 24 26 29 30 32 35 37 38 40 42 44 46 47
0 2 3 6 10 11 12 16 17 18 22 23 24 26 28 30 33 34 36 38 41 43 44 46 47
0 4 5 6 8 9 12 14 15 18 22 23 24 26 28 30 33 35 37 39 41 43 44 48 49
0 4 5 6 8 9 12 16 17 18 22 23 24 26 28 30 32 34 36 38 40 43 44 48 49
0 2 3 7 9 10 13 15 16 18 20 21 24 27 29 30 32 34 37 38 40 42 44 46 47
0 2 3 6 8 9 13 15 16 18 20 21 24 26 29 30 33 34 37 38 41 42 44 46 47
0 2 3 6 8 9 13 15 16 18 20 21 24 26 29 30 32 34 36 38 41 43 44 46 47
0 4 5 6 8 9 12 16 17 18 20 21 24 26 28 30 32 35 37 39 41 42 44 48 49
0 4 5 6 10 11 12 14 15 18 20 21 24 26 28 30 32 35 37 39 41 43 44 48 49
0 2 3 6 8 9 13 15 16 18 20 21 24 26 29 30 33 35 37 38 40 42 44 46 47
0 4 5 6 8 9 12 14 15 18 22 23 24 26 28 30 32 35 36 38 40 43 44 48 49
0 4 5 7 9 10 12 16 17 18 20 21 24 27 28 30 32 35 37 38 41 43 44 48 49
0 2 3 6 10 11 12 16 17 18 22 23 24 26 28 30 32 35 37 38 41 42 44 46 47
1 3 4 6 8 9 13 15 16 18 22 23 25 26 29 30 32 35 36 38 40 42 45 47 48
0 2 3 6 8 9 12 14 15 18 22 23 24 26 28 30 33 35 36 38 40 42 44 46 47
0 2 3 6 8 9 12 14 15 18 22 23 24 26 28 30 32 35 36 38 40 42 44 46 47
0 2 3 7 9 10 13 15 16 18 22 23 24 27 29 30 32 34 37 38 41 42 44 46 47
0 2 3 6 8 9 12 14 15 18 22 23 24 26 28 30 33 35 37 39 41 43 44 46 47
0 2 3 6 8 9 12 14 15 18 22 23 24 26 28 30 32 35 36 38 41 43 44 46 47
0 4 5 6 8 9 13 15 16 18 22 23 24 26 29 30 32 35 37 38 41 43 44 48 49
1 3 4 6 10 11 13 15 16 18 20 21 25 26 29 30 32 34 37 38 41 42 45 47 48
0 4 5 6 10 11 12 16 17 18 22 23 24 26 28 30 33 34 37 38 41 42 44 48 49
0 2 3 6 10 11 13 15 16 18 22 23 24 26 29 30 33 34 37 38 40 42 44 46 47
0 4 5 7 9 10 12 16 17 19 21 22 24 27 28 31 32 34 37 38 41 43 44 48 49
0 2 3 6 10 11 12 14 15 18 20 21 24 26 28 30 33 34 36 38 40 43 44 46 47
0 4 5 6 8 9 12 16 17 18 22 23 24 26 28 30 33 35 37 38 40 43 44 48 49
0 4 5 6 10 11 12 14 15 18 20 21 24 26 28 30 32 35 36 38 41 43 44 48 49
0 4 5 6 10 11 12 14 15 18 22 23 24 26 28 30 33 35 36 38 40 42 44 48 49
1 3 4 6 8 9 13 15 16 19 21 22 25 26 29 31 32 35 37 38 41 42 45 47 48
0 2 3 7 9 10 12 14 15 19 21 22 24 27 28 31 32 34 37 38 40 43 44 46 47
0 4 5 6 10 11 12 14 15 18 20 21 24 26 28 30 32 34 36 38 41 43 44 48 49
0 4 5 6 10 11 13 15 16 18 20 21 24 26 29 30 32 34 37 38 41 42 44 48 49
0 2 3 6 10 11 13 15 16 18 20 21 24 26 29 30 33 34 36 38 40 42 44 46 47
0 4 5 6 8 9 13 15 16 18 20 21 24 26 29 30 32 35 36 38 41 43 44 48 49
0 4 5 6 10 11 12 16 17 19 21 22 24 26 28 31 32 34 37 38 40 43 44 48 49
0 4 5 6 10 11 12 16 17 18 22 23 24 26 28 30 32 35 37 39 41 43 44 48 49
0 2 3 6 10 11 12 16 17 18 20 21 24 26 28 30 32 34 36 38 40 43 44 46 47
0 2 3 6 8 9 13 15 16 18 22 23 24 26 29 30 33 34 36 38 41 42 44 46 47
0 4 5 6 8 9 12 14 15 18 20 21 24 26 28 30 32 35 36 38 41 43 44 48 49
0 4 5 6 10 11 12 14 15 19 21 22 24 26 28 31 32 35 37 38 41 43 44 48 49
0 4 5 6 8 9 13 15 16 19 21 22 24 26 29 31 32 35 37 39 41 42 44 48 49
0 4 5 6 10 11 12 16 17 18 22 23 24 26 28 30 33 34 37 38 41 43 44 48 49
0 2 3 7 9 10 13 15 16 18 20 21 24 27 29 30 32 34 37 38 40 43 44 46 47
0 2 3 6 10 11 13 15 16 18 22 23 24 26 29 30 32 34 36 38 41 42 44 46 47
0 2 3 6 8 9 12 14 15 18 20 21 24 26 28 30 33 34 37 38 41 43 44 46 47
0 4 5 6 10 11 12 16 17 18 20 21 24 26 28 30 32 35 37 38 41 43 44 48 49
0 4 5 6 10 11 12 16 17 19 21 22 24 26 28 31 32 34 37 38 40 42 44 48 49
0 4 5 6 10 11 12 14 15 18 20 21 24 26 28 30 33 34 36 38 41 42 44 48 49
0 4 5 6 8 9 13 15 16 19 21 22 24 26 29 31 32 35 37 38 40 43 44 48 49
0 4 5 6 8 9 13 15 16 19 21 22 24 26 29 31 32 35 37 39 40 43 44 48 49
0 4 5 6 8 9 12 14 15 18 20 21 24 26 28 30 33 34 36 38 41 42 44 48 49
0 4 5 6 8 9 13 15 16 18 20 21 24 26 29 30 32 34 37 38 41 42 44 48 49
0 2 3 6 8 9 13 15 16 18 20 21 24 26 29 30 32 35 37 38 40 43 44 46 47
0 2 3 6 10 11 13 15 16 18 20 21 24 26 29 30 33 34 36 38 40 43 44 46 47
0 2 3 6 8 9 13 15 16 18 22 23 24 26 29 30 33 34 37 38 40 42 44 46 47
0 2 3 6 10 11 12 14 15 18 22 23 24 26 28 30 32 35 37 38 40 43 44 46 47
0 2 3 6 8 9 12 14 15 18 22 23 24 26 28 30 32 35 37 38 41 42 44 46 47
0 4 5 6 10 11 13 15 16 18 20 21 24 26 29 30 33 34 37 38 40 43 44 48 49
0 4 5 6 8 9 12 14 15 18 20 21 24 26 28 30 32 35 37 39 40 43 44 48 49
0 4 5 6 10 11 13 15 16 18 20 21 24 26 29 30 33 35 36 38 41 43 44 48 49
0 4 5 6 10 11 12 14 15 18 20 21 24 26 28 30 32 34 36 38 40 42 44 48 49
0 2 3 6 10 11 12 16 17 18 20 21 24 26 28 30 32 34 36 38 41 42 44 46 47
1 3 4 6 8 9 13 15 16 19 21 22 25 26 29 31 32 34 37 38 40 42 45 47 48
0 4 5 6 10 11 12 16 17 19 21 22 24 26 28 31 32 35 37 39 40 42 44 48 49
1 3 4 6 8 9 13 15 16 18 22 23 25 26 29 30 33 34 36 38 41 43 45 47 48
0 4 5 6 10 11 13 15 16 18 20 21 24 26 29 30 32 35 36 38 41 42 44 48 49
0 4 5 7 9 10 12 14 15 18 20 21 24 27 28 30 32 35 37 38 40 42 44 48 49
0 4 5 7 9 10 12 16 17 19 21 22 24 27 28 31 32 34 37 38 40 43 44 48 49
0 2 3 6 8 9 12 16 17 18 22 23 24 26 28 30 33 34 36 38 40 43 44 46 47
0 4 5 6 10 11 13 15 16 18 20 21 24 26 29 30 32 34 36 38 40 42 44 48 49
0 2 3 6 8 9 12 14 15 18 20 21 24 26 28 30 33 34 37 38 40 43 44 46 47
0 4 5 7 9 10 12 14 15 18 22 23 24 27 28 30 32 35 36 38 40 42 44 48 49
0 4 5 6 10 11 13 15 16 18 20 21 24 26 29 30 33 34 36 38 40 42 44 48 49
0 4 5 7 9 10 12 14 15 18 20 21 24 27 28 30 32 34 36 38 41 42 44 48 49
0 4 5 6 10 11 12 14 15 18 22 23 24 26 28 30 32 34 37 38 40 42 44 48 49
0 2 3 6 10 11 13 15 16 18 22 23 24 26 29 30 32 34 36 38 40 42 44 46 47
0 2 3 6 10 11 12 14 15 18 20 21 24 26 28 30 33 35 37 38 41 43 44 46 47
0 2 3 6 8 9 13 15 16 19 21 22 24 26 29 31 32 34 37 38 40 43 44 46 47
0 4 5 7 9 10 12 16 17 18 20 21 24 27 28 30 32 34 37 38 41 43 44 48 49
0 4 5 6 10 11 12 14 15 19 21 22 24 26 28 31 32 34 37 38 40 43 44 48 49
1 3 4 7 9 10 13 15 16 19 21 22 25 27 29 31 32 35 37 38 40 42 45 47 48
0 2 3 7 9 10 13 15 16 19 21 22 24 27 29 31 32 34 37 38 41 43 44 46 47
0 4 5 7 9 10 13 15 16 18 20 21 24 27 29 30 32 35 37 38 41 43 44 48 49
1 3 4 6 10 11 13 15 16 19 21 22 25 26 29 31 32 34 37 38 41 43 45 47 48
1 3 4 7 9 10 13 15 16 18 22 23 25 27 29 30 32 35 36 38 41 43 45 47 48
0 2 3 6 8 9 12 14 15 18 20 21 24 26 28 30 32 35 37 38 40 42 44 46 47
0 4 5 6 10 11 12 14 15 19 21 22 24 26 28 31 32 35 37 39 41 42 44 48 49
0 2 3 6 8 9 12 16 17 18 20 21 24 26 28 30 33 34 36 38 41 42 44 46 47
1 3 4 6 8 9 13 15 16 18 22 23 25 26 29 30 32 34 36 38 41 43 45 47 48
0 2 3 6 10 11 12 16 17 18 22 23 24 26 28 30 33 34 36 38 41 42 44 46 47
0 2 3 6 8 9 12 14 15 18 22 23 24 26 28 30 32 35 37 38 40 42 44 46 47
0 4 5 6 10 11 12 16 17 18 20 21 24 26 28 30 32 34 36 38 40 43 44 48 49
0 2 3 6 8 9 12 14 15 18 22 23 24 26 28 30 32 34 37 38 40 42 44 46 47
0 2 3 7 9 10 12 16 17 18 22 23 24 27 28 30 32 34 37 38 41 43 44 46 47
0 2 3 6 8 9 12 14 15 18 22 23 24 26 28 30 32 35 37 39 41 42 44 46 47
0 4 5 6 10 11 13 15 16 19 21 22 24 26 29 31 32 35 37 39 40 42 44 48 49
0 2 3 6 8 9 12 14 15 19 21 22 24 26 28 31 32 34 37 38 40 43 44 46 47
0 4 5 6 8 9 12 14 15 19 21 22 24 26 28 31 32 34 37 38 41 42 44 48 49
0 2 3 7 9 10 12 16 17 18 22 23 24 27 28 30 32 34 36 38 40 43 44 46 47
0 2 3 7 9 10 13 15 16 18 22 23 24 27 29 30 32 35 36 38 41 43 44 46 47
0 2 3 7 9 10 12 14 15 18 22 23 24 27 28 30 32 34 36 38 41 43 44 46 47
0 4 5 6 8 9 13 15 16 18 22 23 24 26 29 30 33 34 36 38 40 42 44 48 49
0 2 3 6 8 9 13 15 16 18 22 23 24 26 29 30 32 34 37 38 40 43 44 46 47
0 4 5 6 10 11 13 15 16 18 22 23 24 26 29 30 32 35 36 38 41 42 44 48 49
0 4 5 6 10 11 12 16 17 18 22 23 24 26 28 30 32 35 36 38 41 43 44 48 49
0 2 3 6 8 9 12 16 17 18 22 23 24 26 28 30 32 35 36 38 41 42 44 46 47
0 4 5 6 8 9 13 15 16 19 21 22 24 26 29 31 32 34 37 38 41 43 44 48 49
0 2 3 6 8 9 13 15 16 18 20 21 24 26 29 30 33 34 36 38 41 42 44 46 47
0 2 3 6 10 11 12 16 17 18 20 21 24 26 28 30 32 34 37 38 41 43 44 46 47
0 2 3 6 8 9 12 14 15 18 22 23 24 26 28 30 33 35 37 38 41 43 44 46 47
0 2 3 6 10 11 12 16 17 18 22 23 24 26 28 30 32 35 37 39 40 43 44 46 47
0 2 3 6 10 11 13 15 16 18 22 23 24 26 29 30 33 35 37 38 40 42 44 46 47
1 3 4 6 8 9 13 15 16 18 20 21 25 26 29 30 32 35 37 38 40 43 45 47 48
0 4 5 6 8 9 13 15 16 18 20 21 24 26 29 30 33 34 37 38 41 42 44 48 49
0 2 3 7 9 10 12 14 15 18 20 21 24 27 28 30 32 35 37 38 40 42 44 46 47
0 4 5 6 10 11 12 14 15 18 22 23 24 26 28 30 33 34 37 38 40 43 44 48 49
1 3 4 6 10 11 13 15 16 19 21 22 25 26 29 31 32 35 37 38 40 43 45 47 48
0 4 5 6 10 11 12 16 17 19 21 22 24 26 28 31 32 35 37 39 41 42 44 48 49
0 4 5 6 8 9 12 16 17 18 20 21 24 26 28 30 32 34 36 38 41 42 44 48 49
0 4 5 6 8 9 12 14 15 18 22 23 24 26 28 30 32 34 37 38 41 43 44 48 49
0 2 3 6 8 9 13 15 16 18 22 23 24 26 29 30 32 35 37 38 40 42 44 46 47
0 4 5 6 10 11 12 16 17 18 22 23 24 26 28 30 32 34 36 38 41 43 44 48 49
0 4 5 6 8 9 12 14 15 18 20 21 24 26 28 30 32 35 37 39 40 42 44 48 49
0 4 5 6 10 11 12 14 15 19 21 22 24 26 28 31 32 34 37 38 41 43 44 48 49
0 4 5 6 8 9 13 15 16 18 22 23 24 26 29 30 32 34 36 38 41 43 44 48 49
0 4 5 6 8 9 12 16 17 18 22 23 24 26 28 30 32 34 37 38 40 42 44 48 49
0 4 5 7 9 10 12 16 17 19 21 22 24 27 28 31 32 34 37 38 41 42 44 48 49
0 4 5 6 8 9 12 14 15 18 20 21 24 26 28 30 32 34 36 38 40 43 44 48 49
0 2 3 6 8 9 12 14 15 18 22 23 24 26 28 30 33 34 36 38 41 43 44 46 47
1 3 4 7 9 10 13 15 16 18 20 21 25 27 29 30 32 34 36 38 41 42 45 47 48
0 2 3 6 10 11 12 16 17 18 20 21 24 26 28 30 32 34 37 38 40 42 44 46 47
0 4 5 6 8 9 12 16 17 19 21 22 24 26 28 31 32 35 37 39 41 42 44 48 49
0 4 5 6 10 11 13 15 16 19 21 22 24 26 29 31 32 35 37 38 40 43 44 48 49
0 2 3 6 10 11 12 16 17 18 22 23 24 26 28 30 32 35 37 39 40 42 44 46 47
0 2 3 6 10 11 12 14 15 18 22 23 24 26 28 30 33 34 37 38 40 43 44 46 47
0 2 3 7 9 10 12 14 15 18 22 23 24 27 28 30 32 34 37 38 40 43 44 46 47
1 3 4 6 8 9 13 15 16 18 20 21 25 26 29 30 32 34 36 38 40 43 45 47 48
0 2 3 7 9 10 13 15 16 18 22 23 24 27 29 30 33 34 36 38 41 43 44 46 47
1 3 4 6 10 11 13 15 16 18 20 21 25 26 29 30 32 34 36 38 40 43 45 47 48
0 4 5 7 9 10 12 14 15 18 22 23 24 27 28 30 32 35 36 38 41 43 44 48 49
0 4 5 6 8 9 13 15 16 19 21 22 24 26 29 31 32 34 37 38 40 43 44 48 49
0 2 3 6 8 9 13 15 16 18 22 23 24 26 29 30 32 35 37 39 41 43 44 46 47
0 4 5 6 8 9 12 14 15 18 20 21 24 26 28 30 33 35 37 38 41 43 44 48 49
1 3 4 6 10 11 13 15 16 18 22 23 25 26 29 30 32 35 37 39 40 42 45 47 48
1 3 4 6 10 11 13 15 16 18 22 23 25 26 29 30 32 35 37 38 40 43 45 47 48
0 4 5 6 10 11 12 16 17 18 22 23 24 26 28 30 32 35 37 38 41 42 44 48 49
0 2 3 6 8 9 12 14 15 18 22 23 24 26 28 30 32 35 37 38 40 43 44 46 47
0 4 5 7 9 10 12 14 15 18 20 21 24 27 28 30 32 35 37 38 41 43 44 48 49
0 4 5 6 10 11 12 14 15 18 22 23 24 26 28 30 32 35 37 39 40 43 44 48 49
0 2 3 6 8 9 12 16 17 18 20 21 24 26 28 30 32 35 36 38 40 42 44 46 47
0 2 3 6 8 9 13 15 16 18 20 21 24 26 29 30 33 35 37 38 41 42 44 46 47
0 4 5 6 10 11 12 14 15 18 22 23 24 26 28 30 33 34 36 38 41 43 44 48 49
0 2 3 7 9 10 12 14 15 18 20 21 24 27 28 30 32 34 36 38 40 43 44 46 47
0 2 3 6 10 11 13 15 16 18 20 21 24 26 29 30 32 35 37 38 41 42 44 46 47
0 2 3 7 9 10 12 14 15 18 22 23 24 27 28 30 32 34 37 38 41 43 44 46 47
0 2 3 6 8 9 12 16 17 18 20 21 24 26 28 30 32 35 36 38 41 42 44 46 47
0 4 5 7 9 10 12 16 17 19 21 22 24 27 28 31 32 35 37 38 40 42 44 48 49
0 2 3 6 8 9 13 15 16 18 20 21 24 26 29 30 33 35 37 39 41 43 44 46 47
0 4 5 6 8 9 12 14 15 19 21 22 24 26 28 31 32 35 37 39 41 43 44 48 49
0 4 5 7 9 10 12 14 15 18 22 23 24 27 28 30 32 35 37 39 40 42 44 48 49
0 4 5 7 9 10 12 14 15 19 21 22 24 27 28 31 32 34 37 38 41 43 44 48 49
1 3 4 6 10 11 13 15 16 18 22 23 25 26 29 30 32 34 36 38 41 43 45 47 48
0 4 5 7 9 10 13 15 16 18 20 21 24 27 29 30 32 34 37 38 41 42 44 48 49
0 4 5 6 10 11 13 15 16 18 20 21 24 26 29 30 32 35 37 39 40 43 44 48 49
0 2 3 6 10 11 12 16 17 18 20 21 24 26 28 30 32 35 37 39 41 43 44 46 47
0 2 3 6 8 9 12 14 15 19 21 22 24 26 28 31 32 35 37 39 40 42 44 46 47
0 4 5 6 10 11 12 16 17 18 20 21 24 26 28 30 33 34 36 38 40 43 44 48 49
0 4 5 6 10 11 13 15 16 18 22 23 24 26 29 30 32 35 36 38 40 43 44 48 49
0 2 3 6 8 9 12 14 15 18 22 23 24 26 28 30 33 35 37 38 40 42 44 46 47
0 4 5 7 9 10 12 16 17 19 21 22 24 27 28 31 32 35 37 38 41 43 44 48 49
0 4 5 6 8 9 13 15 16 18 22 23 24 26 29 30 32 34 37 38 41 43 44 48 49
0 2 3 6 10 11 12 16 17 18 22 23 24 26 28 30 33 34 36 38 40 42 44 46 47
0 2 3 6 10 11 12 16 17 19 21 22 24 26 28 31 32 35 37 38 40 42 44 46 47
0 2 3 6 8 9 13 15 16 18 20 21 24 26 29 30 32 35 36 38 40 42 44 46 47
0 4 5 7 9 10 12 14 15 18 20 21 24 27 28 30 32 34 37 38 40 42 44 48 49
0 2 3 6 8 9 12 16 17 18 20 21 24 26 28 30 33 34 36 38 40 42 44 46 47
0 2 3 6 8 9 12 14 15 19 21 22 24 26 28 31 32 35 37 38 40 42 44 46 47
0 2 3 6 8 9 12 14 15 18 22 23 24 26 28 30 32 34 37 38 41 43 44 46 47
0 4 5 7 9 10 12 16 17 18 22 23 24 27 28 30 32 35 37 38 40 42 44 48 49
0 4 5 7 9 10 13 15 16 18 20 21 24 27 29 30 32 34 36 38 40 42 44 48 49
0 4 5 6 10 11 12 14 15 18 20 21 24 26 28 30 32 35 36 38 40 43 44 48 49
0 4 5 6 10 11 13 15 16 18 22 23 24 26 29 30 33 34 36 38 40 43 44 48 49
0 2 3 6 8 9 12 16 17 18 22 23 24 26 28 30 33 34 37 38 41 42 44 46 47
0 4 5 7 9 10 12 16 17 18 22 23 24 27 28 30 32 34 36 38 41 42 44 48 49
0 2 3 7 9 10 12 16 17 19 21 22 24 27 28 31 32 34 37 38 41 42 44 46 47
0 2 3 6 10 11 12 14 15 18 20 21 24 26 28 30 33 35 37 38 40 42 44 46 47
0 2 3 6 10 11 12 16 17 18 22 23 24 26 28 30 32 34 36 38 41 43 44 46 47
0 4 5 6 8 9 13 15 16 18 22 23 24 26 29 30 32 35 36 38 40 42 44 48 49
0 4 5 6 10 11 13 15 16 18 22 23 24 26 29 30 33 35 37 38 41 42 44 48 49
0 2 3 6 10 11 13 15 16 18 22 23 24 26 29 30 33 35 37 39 41 43 44 46 47
0 4 5 6 8 9 13 15 16 18 22 23 24 26 29 30 33 34 37 38 40 43 44 48 49
0 4 5 6 8 9 13 15 16 18 20 21 24 26 29 30 32 35 37 39 40 43 44 48 49
1 3 4 7 9 10 13 15 16 18 22 23 25 27 29 30 32 34 36 38 41 42 45 47 48
0 2 3 6 10 11 13 15 16 18 20 21 24 26 29 30 33 35 37 38 40 42 44 46 47
0 2 3 6 8 9 12 16 17 18 22 23 24 26 28 30 33 34 37 38 40 43 44 46 47
0 4 5 6 8 9 12 14 15 18 22 23 24 26 28 30 32 35 37 38 41 43 44 48 49
0 2 3 6 8 9 13 15 16 18 22 23 24 26 29 30 33 34 36 38 40 42 44 46 47
0 2 3 7 9 10 13 15 16 18 22 23 24 27 29 30 32 34 36 38 40 42 44 46 47
0 4 5 6 8 9 12 16 17 19 21 22 24 26 28 31 32 35 37 38 41 42 44 48 49
0 4 5 6 10 11 12 14 15 18 22 23 24 26 28 30 33 35 37 38 40 42 44 48 49
0 4 5 6 8 9 12 16 17 19 21 22 24 26 28 31 32 34 37 38 41 43 44 48 49
1 3 4 6 8 9 13 15 16 18 20 21 25 26 29 30 32 35 36 38 41 43 45 47 48
0 4 5 6 8 9 12 16 17 18 22 23 24 26 28 30 32 34 37 38 41 42 44 48 49
0 2 3 6 8 9 13 15 16 18 22 23 24 26 29 30 33 35 37 38 40 42 44 46 47
0 2 3 6 10 11 12 16 17 19 21 22 24 26 28 31 32 34 37 38 41 43 44 46 47
0 2 3 6 10 11 12 14 15 18 20 21 24 26 28 30 33 34 37 38 40 42 44 46 47
0 4 5 6 8 9 12 14 15 18 22 23 24 26 28 30 32 35 37 39 40 42 44 48 49
0 2 3 6 10 11 12 16 17 19 21 22 24 26 28 31 32 35 37 38 41 42 44 46 47
0 4 5 6 8 9 13 15 16 18 22 23 24 26 29 30 32 34 36 38 40 43 44 48 49
0 4 5 6 8 9 13 15 16 18 22 23 24 26 29 30 32 34 37 38 40 43 44 48 49
0 4 5 7 9 10 12 16 17 19 21 22 24 27 28 31 32 35 37 38 40 43 44 48 49
0 2 3 6 8 9 13 15 16 19 21 22 24 26 29 31 32 35 37 38 41 43 44 46 47
1 3 4 6 8 9 13 15 16 19 21 22 25 26 29 31 32 35 37 38 41 43 45 47 48
0 4 5 6 8 9 12 16 17 18 22 23 24 26 28 30 32 34 37 38 40 43 44 48 49
0 2 3 6 8 9 12 16 17 19 21 22 24 26 28 31 32 35 37 39 41 43 44 46 47
0 4 5 7 9 10 13 15 16 18 20 21 24 27 29 30 32 34 36 38 41 43 44 48 49
0 2 3 6 8 9 12 16 17 18 20 21 24 26 28 30 33 35 37 38 40 42 44 46 47
0 4 5 7 9 10 12 14 15 18 20 21 24 27 28 30 32 34 37 38 40 43 44 48 49
0 2 3 6 10 11 12 16 17 18 22 23 24 26 28 30 32 35 37 38 40 43 44 46 47
0 4 5 7 9 10 12 14 15 18 20 21 24 27 28 30 32 35 36 38 41 43 44 48 49
0 2 3 6 8 9 12 14 15 18 20 21 24 26 28 30 33 34 36 38 40 42 44 46 47
0 4 5 7 9 10 12 16 17 18 22 23 24 27 28 30 32 34 37 38 40 42 44 48 49
0 4 5 6 8 9 12 16 17 18 20 21 24 26 28 30 33 35 37 38 40 42 44 48 49
0 2 3 6 10 11 12 14 15 18 22 23 24 26 28 30 32 34 37 38 40 43 44 46 47
0 4 5 6 10 11 12 14 15 18 20 21 24 26 28 30 32 34 36 38 40 43 44 48 49
0 2 3 7 9 10 13 15 16 18 22 23 24 27 29 30 32 35 37 38 40 42 44 46 47
0 4 5 6 10 11 12 16 17 18 22 23 24 26 28 30 33 34 37 38 40 43 44 48 49
0 4 5 7 9 10 12 16 17 18 20 21 24 27 28 30 32 34 36 38 40 42 44 48 49
0 4 5 6 10 11 12 16 17 18 20 21 24 26 28 30 32 35 37 39 41 43 44 48 49
0 4 5 7 9 10 13 15 16 18 20 21 24 27 29 30 32 35 36 38 41 43 44 48 49
1 3 4 6 10 11 13 15 16 18 22 23 25 26 29 30 33 34 37 38 40 42 45 47 48
0 2 3 6 10 11 13 15 16 18 20 21 24 26 29 30 33 35 37 38 41 42 44 46 47
0 4 5 6 10 11 12 16 17 18 22 23 24 26 28 30 33 34 36 38 41 42 44 48 49
1 3 4 7 9 10 13 15 16 18 20 21 25 27 29 30 32 34 37 38 41 42 45 47 48
0 4 5 6 8 9 12 14 15 19 21 22 24 26 28 31 32 35 37 38 40 42 44 48 49
0 4 5 6 10 11 12 16 17 18 20 21 24 26 28 30 32 34 36 38 40 42 44 48 49
0 2 3 6 10 11 12 16 17 18 20 21 24 26 28 30 32 35 36 38 41 43 44 46 47
0 2 3 6 10 11 12 16 17 18 20 21 24 26 28 30 33 34 37 38 41 43 44 46 47
0 2 3 6 10 11 13 15 16 18 22 23 24 26 29 30 32 35 36 38 41 42 44 46 47
0 4 5 7 9 10 12 14 15 18 22 23 24 27 28 30 32 34 37 38 40 43 44 48 49
0 2 3 7 9 10 13 15 16 19 21 22 24 27 29 31 32 35 37 38 40 42 44 46 47
0 2 3 6 10 11 13 15 16 18 20 21 24 26 29 30 32 34 36 38 41 42 44 46 47
0 2 3 6 10 11 13 15 16 18 20 21 24 26 29 30 32 34 37 38 40 43 44 46 47
0 4 5 6 10 11 13 15 16 18 22 23 24 26 29 30 33 35 37 39 41 43 44 48 49
1 3 4 6 10 11 13 15 16 18 22 23 25 26 29 30 32 34 37 38 40 42 45 47 48
0 2 3 6 10 11 12 16 17 18 22 23 24 26 28 30 32 34 36 38 41 42 44 46 47
0 2 3 6 10 11 12 14 15 19 21 22 24 26 28 31 32 34 37 38 40 43 44 46 47
0 4 5 6 10 11 12 16 17 18 22 23 24 26 28 30 33 34 36 38 41 43 44 48 49
0 4 5 7 9 10 13 15 16 18 20 21 24 27 29 30 32 35 36 38 41 42 44 48 49
0 2 3 6 10 11 12 14 15 18 20 21 24 26 28 30 33 35 37 39 40 42 44 46 47
0 2 3 6 8 9 13 15 16 18 22 23 24 26 29 30 33 34 37 38 41 43 44 46 47
0 4 5 6 10 11 12 16 17 18 20 21 24 26 28 30 33 35 37 39 41 43 44 48 49
0 2 3 7 9 10 13 15 16 18 20 21 24 27 29 30 32 35 37 38 40 42 44 46 47
0 4 5 7 9 10 13 15 16 18 22 23 24 27 29 30 32 34 37 38 41 43 44 48 49
0 2 3 6 8 9 12 16 17 18 20 21 24 26 28 30 32 35 37 39 40 43 44 46 47
0 4 5 6 10 11 12 16 17 19 21 22 24 26 28 31 32 35 37 38 40 43 44 48 49
1 3 4 6 10 11 13 15 16 18 20 21 25 26 29 30 32 34 37 38 40 43 45 47 48
0 4 5 6 8 9 13 15 16 18 22 23 24 26 29 30 32 35 36 38 40 43 44 48 49
0 2 3 6 10 11 12 16 17 18 22 23 24 26 28 30 32 34 36 38 40 43 44 46 47
0 4 5 6 8 9 13 15 16 18 22 23 24 26 29 30 33 34 37 38 41 42 44 48 49
0 2 3 6 10 11 12 14 15 18 22 23 24 26 28 30 32 35 36 38 40 43 44 46 47
0 4 5 6 8 9 13 15 16 18 20 21 24 26 29 30 33 34 36 38 41 43 44 48 49
0 2 3 6 8 9 13 15 16 18 20 21 24 26 29 30 32 35 37 39 41 42 44 46 47
0 2 3 6 8 9 12 14 15 18 22 23 24 26 28 30 33 34 36 38 40 42 44 46 47
0 2 3 6 8 9 12 14 15 18 20 21 24 26 28 30 32 34 36 38 40 43 44 46 47
0 4 5 6 8 9 12 14 15 18 20 21 24 26 28 30 32 34 37 38 40 42 44 48 49
1 3 4 6 8 9 13 15 16 18 20 21 25 26 29 30 32 35 37 38 41 42 45 47 48
0 2 3 6 8 9 12 14 15 18 22 23 24 26 28 30 33 34 37 38 40 42 44 46 47
0 4 5 6 10 11 12 14 15 19 21 22 24 26 28 31 32 35 37 39 40 42 44 48 49
0 2 3 6 8 9 12 14 15 18 20 21 24 26 28 30 32 35 37 39 40 42 44 46 47
0 4 5 6 10 11 13 15 16 18 22 23 24 26 29 30 32 35 36 38 40 42 44 48 49
0 4 5 6 10 11 12 14 15 19 21 22 24 26 28 31 32 34 37 38 41 42 44 48 49
0 2 3 6 10 11 12 16 17 18 20 21 24 26 28 30 32 35 37 39 40 42 44 46 47
0 2 3 6 10 11 13 15 16 18 22 23 24 26 29 30 32 34 36 38 41 43 44 46 47
0 2 3 7 9 10 12 14 15 18 20 21 24 27 28 30 32 34 36 38 41 42 44 46 47
0 2 3 6 8 9 13 15 16 18 20 21 24 26 29 30 33 34 36 38 40 42 44 46 47
0 2 3 6 8 9 12 16 17 18 20 21 24 26 28 30 32 35 36 38 40 43 44 46 47
0 4 5 6 8 9 12 16 17 18 20 21 24 26 28 30 32 35 37 39 40 42 44 48 49
0 4 5 6 10 11 12 14 15 18 22 23 24 26 28 30 33 34 37 38 41 43 44 48 49
0 2 3 7 9 10 12 14 15 18 20 21 24 27 28 30 32 35 36 38 40 42 44 46 47
0 2 3 7 9 10 12 16 17 19 21 22 24 27 28 31 32 34 37 38 40 42 44 46 47
1 3 4 7 9 10 13 15 16 18 22 23 25 27 29 30 32 35 37 38 40 42 45 47 48
0 4 5 6 8 9 12 14 15 18 22 23 24 26 28 30 32 35 37 39 41 42 44 48 49
0 4 5 6 10 11 13 15 16 18 20 21 24 26 29 30 32 35 37 38 41 43 44 48 49
0 2 3 6 10 11 12 16 17 18 22 23 24 26 28 30 32 34 37 38 40 43 44 46 47
0 4 5 7 9 10 12 14 15 18 22 23 24 27 28 30 32 34 36 38 41 42 44 48 49
0 2 3 6 10 11 13 15 16 18 20 21 24 26 29 30 32 34 36 38 40 42 44 46 47
0 4 5 6 8 9 13 15 16 18 22 23 24 26 29 30 32 35 36 38 41 42 44 48 49
0 2 3 6 10 11 12 16 17 18 20 21 24 26 28 30 32 34 36 38 41 43 44 46 47
0 2 3 6 10 11 13 15 16 19 21 22 24 26 29 31 32 35 37 39 41 42 44 46 47
0 2 3 7 9 10 13 15 16 19 21 22 24 27 29 31 32 34 37 38 41 42 44 46 47
0 4 5 7 9 10 12 14 15 19 21 22 24 27 28 31 32 34 37 38 40 42 44 48 49
0 4 5 7 9 10 12 16 17 18 22 23 24 27 28 30 32 34 36 38 41 43 44 48 49
0 2 3 6 10 11 12 14 15 18 20 21 24 26 28 30 32 35 37 39 40 42 44 46 47
0 2 3 6 10 11 12 14 15 19 21 22 24 26 28 31 32 35 37 39 41 43 44 46 47
0 2 3 6 10 11 13 15 16 18 20 21 24 26 29 30 33 34 37 38 41 43 44 46 47
0 2 3 6 8 9 12 16 17 18 22 23 24 26 28 30 33 35 37 38 40 42 44 46 47
0 4 5 6 8 9 12 16 17 18 20 21 24 26 28 30 33 35 37 38 41 43 44 48 49
0 4 5 6 8 9 13 15 16 19 21 22 24 26 29 31 32 35 37 38 40 42 44 48 49
0 2 3 6 10 11 12 16 17 18 20 21 24 26 28 30 32 35 37 39 41 42 44 46 47
0 2 3 6 8 9 12 16 17 19 21 22 24 26 28 31 32 35 37 39 40 42 44 46 47
0 4 5 6 10 11 12 16 17 18 22 23 24 26 28 30 33 34 36 38 40 43 44 48 49
0 4 5 6 10 11 12 16 17 18 22 23 24 26 28 30 32 34 36 38 41 42 44 48 49
0 2 3 6 8 9 12 14 15 18 20 21 24 26 28 30 32 34 37 38 41 43 44 46 47
0 4 5 6 10 11 12 14 15 18 22 23 24 26 28 30 33 34 37 38 40 42 44 48 49
0 2 3 6 10 11 12 16 17 19 21 22 24 26 28 31 32 34 37 38 40 42 44 46 47
1 3 4 6 10 11 13 15 16 18 20 21 25 26 29 30 32 34 37 38 41 43 45 47 48
0 4 5 7 9 10 13 15 16 19 21 22 24 27 29 31 32 34 37 38 40 43 44 48 49
0 2 3 6 8 9 12 16 17 18 20 21 24 26 28 30 32 35 37 38 41 43 44 46 47
0 4 5 6 10 11 12 14 15 18 20 21 24 26 28 30 32 34 37 38 40 43 44 48 49
0 2 3 6 8 9 12 14 15 19 21 22 24 26 28 31 32 35 37 39 41 43 44 46 47
0 2 3 7 9 10 13 15 16 18 22 23 24 27 29 30 32 35 36 38 41 42 44 46 47
0 4 5 6 10 11 12 16 17 18 20 21 24 26 28 30 33 34 37 38 41 42 44 48 49
0 4 5 6 8 9 12 16 17 19 21 22 24 26 28 31 32 34 37 38 40 43 44 48 49
0 2 3 6 8 9 12 16 17 19 21 22 24 26 28 31 32 34 37 38 41 42 44 46 47
0 4 5 6 10 11 12 16 17 18 20 21 24 26 28 30 33 35 37 38 41 43 44 48 49
0 4 5 6 8 9 12 16 17 18 22 23 24 26 28 30 33 34 37 38 40 43 44 48 49
0 2 3 6 10 11 12 16 17 18 22 23 24 26 28 30 33 34 37 38 40 42 44 46 47
0 4 5 6 8 9 12 14 15 18 22 23 24 26 28 30 33 35 37 38 41 43 44 48 49
1 3 4 6 10 11 13 15 16 18 20 21 25 26 29 30 33 34 36 38 41 43 45 47 48
0 4 5 6 8 9 13 15 16 18 22 23 24 26 29 30 33 34 36 38 41 43 44 48 49
1 3 4 6 8 9 13 15 16 18 22 23 25 26 29 30 32 35 36 38 41 43 45 47 48
0 2 3 6 8 9 12 16 17 19 21 22 24 26 28 31 32 34 37 38 40 42 44 46 47
0 4 5 7 9 10 12 14 15 18 22 23 24 27 28 30 32 34 37 38 40 42 44 48 49
0 2 3 7 9 10 12 16 17 18 20 21 24 27 28 30 32 35 36 38 40 42 44 46 47
0 2 3 7 9 10 13 15 16 18 20 21 24 27 29 30 32 34 36 38 41 43 44 46 47
0 4 5 6 10 11 13 15 16 18 20 21 24 26 29 30 32 35 36 38 41 43 44 48 49
0 2 3 6 10 11 12 16 17 18 22 23 24 26 28 30 33 34 37 38 41 43 44 46 47
0 4 5 6 8 9 12 14 15 18 22 23 24 26 28 30 32 34 36 38 40 43 44 48 49
0 4 5 6 10 11 12 16 17 18 20 21 24 26 28 30 32 34 36 38 41 42 44 48 49
1 3 4 6 8 9 13 15 16 18 20 21 25 26 29 30 32 35 37 38 41 43 45 47 48
0 2 3 6 10 11 12 16 17 18 20 21 24 26 28 30 33 35 37 38 41 42 44 46 47
0 4 5 7 9 10 12 14 15 18 20 21 24 27 28 30 32 34 36 38 41 43 44 48 49
1 3 4 6 8 9 13 15 16 19 21 22 25 26 29 31 32 34 37 38 41 42 45 47 48
0 4 5 6 10 11 12 14 15 19 21 22 24 26 28 31 32 35 37 39 40 43 44 48 49
0 2 3 6 8 9 12 14 15 18 20 21 24 26 28 30 32 35 36 38 40 42 44 46 47
0 2 3 6 10 11 13 15 16 18 20 21 24 26 29 30 32 35 37 39 41 42 44 46 47
0 2 3 6 10 11 12 14 15 18 20 21 24 26 28 30 32 34 37 38 41 43 44 46 47
0 2 3 6 10 11 12 16 17 18 22 23 24 26 28 30 32 35 36 38 41 42 44 46 47
0 2 3 7 9 10 13 15 16 18 20 21 24 27 29 30 33 34 36 38 41 43 44 46 47
0 4 5 7 9 10 13 15 16 18 22 23 24 27 29 30 32 35 36 38 41 43 44 48 49
0 4 5 6 8 9 12 14 15 18 22 23 24 26 28 30 32 35 36 38 40 42 44 48 49
0 2 3 6 10 11 13 15 16 18 22 23 24 26 29 30 32 35 37 39 40 42 44 46 47
0 4 5 6 10 11 12 14 15 18 22 23 24 26 28 30 32 35 36 38 40 43 44 48 49
0 4 5 6 10 11 12 14 15 19 21 22 24 26 28 31 32 35 37 38 40 43 44 48 49
1 3 4 6 8 9 13 15 16 18 22 23 25 26 29 30 33 34 37 38 41 43 45 47 48
0 2 3 6 10 11 12 16 17 19 21 22 24 26 28 31 32 35 37 38 40 43 44 46 47
0 4 5 6 8 9 13 15 16 19 21 22 24 26 29 31 32 35 37 39 40 42 44 48 49
0 4 5 6 10 11 12 14 15 18 22 23 24 26 28 30 32 35 37 38 40 42 44 48 49
0 2 3 6 8 9 12 16 17 18 20 21 24 26 28 30 32 35 37 38 41 42 44 46 47
0 2 3 6 8 9 12 16 17 18 20 21 24 26 28 30 33 35 36 38 40 42 44 46 47
0 4 5 7 9 10 13 15 16 18 20 21 24 27 29 30 33 34 36 38 40 42 44 48 49
1 3 4 7 9 10 13 15 16 19 21 22 25 27 29 31 32 34 37 38 40 42 45 47 48
0 4 5 6 10 11 13 15 16 18 20 21 24 26 29 30 32 35 37 39 40 42 44 48 49
0 2 3 6 8 9 12 16 17 18 20 21 24 26 28 30 32 35 37 38 40 42 44 46 47
0 4 5 6 10 11 12 14 15 18 22 23 24 26 28 30 32 35 37 39 41 43 44 48 49
0 2 3 6 8 9 12 14 15 18 22 23 24 26 28 30 33 34 37 38 41 42 44 46 47
0 4 5 6 10 11 12 14 15 19 21 22 24 26 28 31 32 35 37 38 40 42 44 48 49
0 4 5 7 9 10 12 14 15 18 22 23 24 27 28 30 32 34 36 38 41 43 44 48 49
0 4 5 6 8 9 12 16 17 18 22 23 24 26 28 30 33 34 37 38 41 43 44 48 49
0 4 5 6 10 11 12 14 15 18 20 21 24 26 28 30 32 34 37 38 41 43 44 48 49
0 2 3 6 10 11 13 15 16 18 20 21 24 26 29 30 32 34 37 38 40 42 44 46 47
0 2 3 6 10 11 13 15 16 18 20 21 24 26 29 30 33 35 37 38 41 43 44 46 47
0 4 5 6 8 9 12 14 15 18 20 21 24 26 28 30 33 34 36 38 41 43 44 48 49
0 2 3 6 8 9 12 14 15 18 22 23 24 26 28 30 33 35 37 39 40 42 44 46 47
0 4 5 6 10 11 12 16 17 18 20 21 24 26 28 30 32 35 36 38 40 42 44 48 49
0 4 5 6 10 11 13 15 16 18 20 21 24 26 29 30 32 35 36 38 40 43 44 48 49
0 2 3 6 10 11 13 15 16 18 22 23 24 26 29 30 32 35 37 38 40 43 44 46 47
0 2 3 6 10 11 12 16 17 18 20 21 24 26 28 30 32 34 37 38 40 43 44 46 47
0 2 3 7 9 10 12 14 15 19 21 22 24 27 28 31 32 35 37 38 40 42 44 46 47
0 2 3 6 8 9 12 14 15 18 22 23 24 26 28 30 33 34 36 38 41 42 44 46 47
0 2 3 6 8 9 12 16 17 18 20 21 24 26 28 30 32 34 36 38 41 42 44 46 47
0 2 3 7 9 10 12 14 15 18 20 21 24 27 28 30 32 35 37 38 41 43 44 46 47
0 2 3 6 10 11 12 14 15 18 20 21 24 26 28 30 32 35 37 38 40 43 44 46 47
0 2 3 6 8 9 12 16 17 18 22 23 24 26 28 30 32 34 36 38 41 43 44 46 47
0 4 5 6 8 9 13 15 16 18 22 23 24 26 29 30 32 34 36 38 41 42 44 48 49
0 2 3 6 10 11 13 15 16 18 20 21 24 26 29 30 32 35 36 38 40 43 44 46 47
0 2 3 6 8 9 12 14 15 18 20 21 24 26 28 30 32 35 36 38 40 43 44 46 47
0 2 3 7 9 10 13 15 16 18 22 23 24 27 29 30 32 34 37 38 40 43 44 46 47
0 4 5 6 8 9 13 15 16 18 22 23 24 26 29 30 32 34 37 38 40 42 44 48 49
0 4 5 6 8 9 12 14 15 18 22 23 24 26 28 30 32 35 37 38 41 42 44 48 49
0 2 3 6 8 9 12 14 15 19 21 22 24 26 28 31 32 34 37 38 41 42 44 46 47
0 4 5 6 8 9 12 16 17 18 22 23 24 26 28 30 32 35 37 39 40 43 44 48 49
0 4 5 6 8 9 12 16 17 18 22 23 24 26 28 30 33 34 36 38 41 43 44 48 49
0 2 3 6 8 9 13 15 16 18 22 23 24 26 29 30 32 35 36 38 40 43 44 46 47
0 4 5 7 9 10 13 15 16 18 20 21 24 27 29 30 32 34 37 38 41 43 44 48 49
0 2 3 7 9 10 13 15 16 19 21 22 24 27 29 31 32 34 37 38 40 43 44 46 47
0 4 5 7 9 10 12 14 15 19 21 22 24 27 28 31 32 34 37 38 41 42 44 48 49
0 4 5 6 10 11 13 15 16 19 21 22 24 26 29 31 32 35 37 39 41 42 44 48 49
0 2 3 6 10 11 13 15 16 18 20 21 24 26 29 30 32 35 36 38 41 42 44 46 47
0 4 5 6 10 11 12 14 15 18 20 21 24 26 28 30 33 34 37 38 40 42 44 48 49
0 2 3 7 9 10 12 14 15 18 22 23 24 27 28 30 32 34 36 38 40 43 44 46 47
0 2 3 7 9 10 13 15 16 18 20 21 24 27 29 30 32 35 37 38 41 43 44 46 47
1 3 4 7 9 10 13 15 16 18 22 23 25 27 29 30 32 34 36 38 41 43 45 47 48
0 4 5 6 8 9 12 14 15 18 20 21 24 26 28 30 32 35 37 39 41 42 44 48 49
0 2 3 6 8 9 13 15 16 18 20 21 24 26 29 30 32 35 36 38 41 43 44 46 47
0 4 5 6 8 9 13 15 16 18 20 21 24 26 29 30 33 35 37 38 41 42 44 48 49
0 2 3 6 10 11 12 14 15 19 21 22 24 26 28 31 32 34 37 38 41 43 44 46 47
0 2 3 6 10 11 12 14 15 18 22 23 24 26 28 30 33 34 37 38 40 42 44 46 47
0 2 3 6 10 11 13 15 16 18 20 21 24 26 29 30 33 34 36 38 41 43 44 46 47
0 2 3 6 8 9 13 15 16 18 20 21 24 26 29 30 32 35 36 38 41 42 44 46 47
0 2 3 6 8 9 12 16 17 18 22 23 24 26 28 30 33 34 36 38 41 43 44 46 47
0 4 5 7 9 10 13 15 16 18 22 23 24 27 29 30 32 34 36 38 41 43 44 48 49
0 2 3 7 9 10 12 14 15 18 20 21 24 27 28 30 32 34 36 38 40 42 44 46 47
0 2 3 7 9 10 12 14 15 19 21 22 24 27 28 31 32 35 37 38 41 43 44 46 47
0 2 3 6 10 11 13 15 16 18 20 21 24 26 29 30 32 34 37 38 41 42 44 46 47
1 3 4 7 9 10 13 15 16 18 20 21 25 27 29 30 32 34 36 38 40 42 45 47 48
0 2 3 6 10 11 12 16 17 18 20 21 24 26 28 30 33 35 37 38 40 43 44 46 47
0 2 3 6 10 11 12 16 17 18 22 23 24 26 28 30 33 34 36 38 40 43 44 46 47
1 3 4 7 9 10 13 15 16 18 20 21 25 27 29 30 32 34 36 38 41 43 45 47 48
0 4 5 6 8 9 13 15 16 18 20 21 24 26 29 30 32 35 37 39 41 42 44 48 49
1 3 4 6 10 11 13 15 16 18 22 23 25 26 29 30 32 34 37 38 41 42 45 47 48
0 4 5 6 8 9 13 15 16 19 21 22 24 26 29 31 32 34 37 38 40 42 44 48 49
0 2 3 6 8 9 12 16 17 18 20 21 24 26 28 30 32 34 37 38 40 43 44 46 47
1 3 4 7 9 10 13 15 16 18 20 21 25 27 29 30 32 34 37 38 40 43 45 47 48
0 4 5 6 10 11 12 16 17 18 20 21 24 26 28 30 33 34 36 38 40 42 44 48 49
0 4 5 6 8 9 13 15 16 18 20 21 24 26 29 30 33 35 37 38 41 43 44 48 49
0 2 3 6 8 9 12 14 15 19 21 22 24 26 28 31 32 35 37 38 41 42 44 46 47
0 4 5 6 8 9 13 15 16 18 22 23 24 26 29 30 32 34 37 38 41 42 44 48 49
0 2 3 6 8 9 13 15 16 18 22 23 24 26 29 30 32 34 37 38 40 42 44 46 47
0 2 3 6 8 9 12 14 15 18 22 23 24 26 28 30 32 35 37 39 40 43 44 46 47
0 4 5 6 8 9 12 16 17 18 20 21 24 26 28 30 33 34 36 38 41 43 44 48 49
0 4 5 6 8 9 12 14 15 18 20 21 24 26 28 30 32 34 37 38 41 42 44 48 49
0 4 5 7 9 10 12 16 17 18 20 21 24 27 28 30 32 34 37 38 41 42 44 48 49
0 2 3 6 10 11 12 16 17 19 21 22 24 26 28 31 32 35 37 39 41 43 44 46 47
0 2 3 6 8 9 13 15 16 18 22 23 24 26 29 30 32 35 37 39 41 42 44 46 47
0 2 3 6 10 11 12 14 15 18 20 21 24 26 28 30 32 34 37 38 40 42 44 46 47
0 4 5 6 10 11 12 16 17 18 22 23 24 26 28 30 33 35 37 39 41 43 44 48 49
0 4 5 6 10 11 13 15 16 18 22 23 24 26 29 30 32 34 37 38 41 43 44 48 49
0 4 5 6 8 9 12 14 15 18 22 23 24 26 28 30 32 34 37 38 41 42 44 48 49
0 2 3 6 8 9 12 14 15 18 20 21 24 26 28 30 33 35 37 39 41 43 44 46 47
0 4 5 6 8 9 12 16 17 18 20 21 24 26 28 30 32 35 37 39 40 43 44 48 49
0 4 5 6 8 9 12 14 15 18 20 21 24 26 28 30 32 35 37 38 41 43 44 48 49
0 2 3 6 8 9 13 15 16 19 21 22 24 26 29 31 32 35 37 38 40 42 44 46 47
0 4 5 6 8 9 12 14 15 18 20 21 24 26 28 30 32 34 37 38 41 43 44 48 49
0 2 3 6 8 9 13 15 16 18 20 21 24 26 29 30 32 35 37 39 40 42 44 46 47
0 2 3 7 9 10 12 16 17 18 20 21 24 27 28 30 33 34 37 38 40 42 44 46 47
0 4 5 6 8 9 12 14 15 18 22 23 24 26 28 30 32 34 37 38 40 43 44 48 49
0 2 3 7 9 10 12 14 15 18 22 23 24 27 28 30 32 34 36 38 41 42 44 46 47
0 2 3 6 8 9 13 15 16 18 20 21 24 26 29 30 33 34 37 38 40 42 44 46 47
0 2 3 6 8 9 12 16 17 18 22 23 24 26 28 30 33 34 36 38 40 42 44 46 47
0 4 5 6 8 9 12 14 15 19 21 22 24 26 28 31 32 35 37 39 40 43 44 48 49
0 2 3 6 8 9 12 14 15 18 20 21 24 26 28 30 33 35 37 38 40 42 44 46 47
1 3 4 6 10 11 13 15 16 18 20 21 25 26 29 30 32 34 37 38 40 42 45 47 48
1 3 4 6 10 11 13 15 16 18 20 21 25 26 29 30 33 34 37 38 40 42 45 47 48
0 4 5 6 10 11 13 15 16 18 22 23 24 26 29 30 32 35 37 39 40 43 44 48 49
0 4 5 6 8 9 12 14 15 18 20 21 24 26 28 30 33 35 37 38 40 42 44 48 49
0 2 3 6 8 9 12 16 17 18 20 21 24 26 28 30 32 34 36 38 40 42 44 46 47
0 4 5 6 8 9 13 15 16 18 22 23 24 26 29 30 32 35 37 39 40 43 44 48 49
0 2 3 6 8 9 13 15 16 18 22 23 24 26 29 30 32 35 36 38 40 42 44 46 47
0 4 5 7 9 10 13 15 16 18 22 23 24 27 29 30 32 34 37 38 40 43 44 48 49
0 2 3 7 9 10 12 16 17 18 20 21 24 27 28 30 32 34 37 38 41 43 44 46 47
0 4 5 6 8 9 12 16 17 18 20 21 24 26 28 30 32 35 37 38 40 42 44 48 49
0 4 5 6 8 9 13 15 16 18 20 21 24 26 29 30 32 34 37 38 41 43 44 48 49
0 4 5 6 8 9 13 15 16 18 20 21 24 26 29 30 33 35 37 39 40 42 44 48 49
0 4 5 6 8 9 12 16 17 19 21 22 24 26 28 31 32 35 37 39 40 42 44 48 49
0 2 3 7 9 10 12 14 15 18 22 23 24 27 28 30 32 34 36 38 40 42 44 46 47
0 2 3 6 10 11 12 16 17 19 21 22 24 26 28 31 32 35 37 39 40 42 44 46 47
0 4 5 6 10 11 12 16 17 18 22 23 24 26 28 30 33 35 37 38 40 42 44 48 49
0 4 5 6 10 11 12 16 17 18 20 21 24 26 28 30 33 34 36 38 41 43 44 48 49
0 2 3 6 10 11 12 14 15 18 22 23 24 26 28 30 32 34 37 38 41 42 44 46 47
0 2 3 6 10 11 12 16 17 18 20 21 24 26 28 30 33 34 37 38 41 42 44 46 47
0 4 5 6 8 9 12 16 17 18 22 23 24 26 28 30 33 34 36 38 41 42 44 48 49
0 4 5 7 9 10 13 15 16 18 20 21 24 27 29 30 32 34 37 38 40 42 44 48 49
0 2 3 6 8 9 13 15 16 18 22 23 24 26 29 30 33 35 36 38 41 43 44 46 47
0 2 3 6 8 9 13 15 16 18 22 23 24 26 29 30 32 35 36 38 41 43 44 46 47
1 3 4 6 10 11 13 15 16 18 20 21 25 26 29 30 33 34 36 38 40 42 45 47 48
0 2 3 6 10 11 13 15 16 19 21 22 24 26 29 31 32 35 37 38 41 42 44 46 47
0 4 5 6 8 9 13 15 16 18 22 23 24 26 29 30 32 35 36 38 41 43 44 48 49
0 4 5 6 8 9 12 14 15 18 20 21 24 26 28 30 32 35 37 38 40 43 44 48 49
0 2 3 6 10 11 13 15 16 18 20 21 24 26 29 30 32 34 37 38 41 43 44 46 47
0 4 5 6 10 11 13 15 16 18 20 21 24 26 29 30 32 35 37 39 41 42 44 48 49
1 3 4 6 8 9 13 15 16 18 22 23 25 26 29 30 32 34 37 38 41 42 45 47 48
1 3 4 6 10 11 13 15 16 19 21 22 25 26 29 31 32 35 37 39 41 42 45 47 48
0 4 5 6 8 9 12 16 17 18 22 23 24 26 28 30 33 35 37 39 41 43 44 48 49
0 2 3 7 9 10 12 14 15 18 22 23 24 27 28 30 32 34 37 38 41 42 44 46 47
0 4 5 6 8 9 12 16 17 19 21 22 24 26 28 31 32 35 37 38 40 43 44 48 49
0 4 5 6 10 11 12 14 15 18 22 23 24 26 28 30 32 35 37 38 41 42 44 48 49
1 3 4 6 8 9 13 15 16 18 20 21 25 26 29 30 32 35 37 39 40 42 45 47 48
0 2 3 7 9 10 12 16 17 18 22 23 24 27 28 30 33 34 36 38 41 43 44 46 47
0 2 3 6 8 9 12 16 17 18 22 23 24 26 28 30 32 35 36 38 40 42 44 46 47
0 4 5 6 10 11 13 15 16 18 20 21 24 26 29 30 33 35 37 39 40 42 44 48 49
0 4 5 6 8 9 12 16 17 18 20 21 24 26 28 30 32 35 36 38 41 43 44 48 49
0 4 5 6 8 9 12 16 17 18 20 21 24 26 28 30 32 34 36 38 41 43 44 48 49
0 4 5 7 9 10 12 16 17 18 20 21 24 27 28 30 32 34 37 38 40 43 44 48 49
0 4 5 6 10 11 12 16 17 18 22 23 24 26 28 30 33 35 36 38 40 42 44 48 49
0 2 3 6 10 11 13 15 16 18 22 23 24 26 29 30 33 34 37 38 40 43 44 46 47
0 4 5 6 8 9 12 14 15 18 22 23 24 26 28 30 33 35 37 38 40 43 44 48 49
0 4 5 6 8 9 12 16 17 18 20 21 24 26 28 30 33 34 37 38 40 42 44 48 49
0 2 3 6 10 11 13 15 16 18 22 23 24 26 29 30 32 35 37 39 41 43 44 46 47
0 4 5 6 10 11 13 15 16 18 20 21 24 26 29 30 32 34 37 38 41 43 44 48 49
0 2 3 6 10 11 12 16 17 18 20 21 24 26 28 30 33 34 36 38 41 42 44 46 47
0 2 3 6 10 11 13 15 16 19 21 22 24 26 29 31 32 35 37 38 40 43 44 46 47
0 4 5 7 9 10 13 15 16 18 22 23 24 27 29 30 32 34 36 38 41 42 44 48 49
0 4 5 6 10 11 12 16 17 18 22 23 24 26 28 30 33 34 36 38 40 42 44 48 49
1 3 4 6 8 9 13 15 16 18 22 23 25 26 29 30 32 34 36 38 40 43 45 47 48
0 4 5 7 9 10 12 14 15 18 20 21 24 27 28 30 33 34 36 38 41 43 44 48 49
0 2 3 6 10 11 12 16 17 18 20 21 24 26 28 30 32 35 36 38 41 42 44 46 47
0 4 5 6 8 9 12 14 15 19 21 22 24 26 28 31 32 35 37 38 40 43 44 48 49
0 4 5 6 10 11 12 14 15 18 22 23 24 26 28 30 32 35 36 38 40 42 44 48 49
0 2 3 6 10 11 12 14 15 18 22 23 24 26 28 30 32 34 36 38 41 43 44 46 47
0 2 3 6 10 11 13 15 16 18 22 23 24 26 29 30 32 35 37 38 41 42 44 46 47
0 2 3 7 9 10 13 15 16 18 22 23 24 27 29 30 32 34 36 38 41 43 44 46 47
0 2 3 7 9 10 12 14 15 19 21 22 24 27 28 31 32 35 37 38 40 43 44 46 47
0 2 3 6 10 11 12 16 17 19 21 22 24 26 28 31 32 34 37 38 41 42 44 46 47
0 4 5 7 9 10 12 14 15 18 22 23 24 27 28 30 32 34 37 38 41 43 44 48 49
0 2 3 6 10 11 13 15 16 18 20 21 24 26 29 30 32 34 36 38 40 43 44 46 47
0 4 5 6 8 9 12 16 17 19 21 22 24 26 28 31 32 35 37 38 41 43 44 48 49
0 4 5 6 10 11 12 14 15 18 20 21 24 26 28 30 32 35 37 39 40 42 44 48 49
0 2 3 7 9 10 13 15 16 19 21 22 24 27 29 31 32 34 37 38 40 42 44 46 47
0 4 5 6 10 11 12 14 15 18 20 21 24 26 28 30 32 34 37 38 41 42 44 48 49
0 2 3 7 9 10 13 15 16 18 22 23 24 27 29 30 32 35 36 38 40 42 44 46 47
0 4 5 6 8 9 12 14 15 18 20 21 24 26 28 30 32 35 36 38 41 42 44 48 49
1 3 4 6 10 11 13 15 16 18 20 21 25 26 29 30 33 34 37 38 41 43 45 47 48
0 4 5 6 10 11 13 15 16 18 20 21 24 26 29 30 33 34 37 38 40 42 44 48 49
0 2 3 6 8 9 12 16 17 18 22 23 24 26 28 30 32 35 37 38 41 42 44 46 47
0 2 3 6 8 9 12 16 17 19 21 22 24 26 28 31 32 35 37 38 41 43 44 46 47
0 4 5 7 9 10 13 15 16 19 21 22 24 27 29 31 32 34 37 38 40 42 44 48 49
0 2 3 6 8 9 13 15 16 18 22 23 24 26 29 30 33 35 37 39 41 43 44 46 47
0 4 5 6 8 9 12 16 17 18 20 21 24 26 28 30 33 34 37 38 41 43 44 48 49
0 2 3 6 10 11 12 14 15 18 20 21 24 26 28 30 32 34 37 38 41 42 44 46 47
0 2 3 6 8 9 12 14 15 18 20 21 24 26 28 30 32 35 37 38 40 43 44 46 47
0 4 5 6 8 9 12 14 15 18 20 21 24 26 28 30 33 35 37 39 41 43 44 48 49
0 4 5 7 9 10 12 16 17 18 20 21 24 27 28 30 33 34 36 38 40 42 44 48 49
0 4 5 6 8 9 12 16 17 18 22 23 24 26 28 30 32 35 37 39 41 42 44 48 49
0 2 3 6 8 9 12 14 15 18 20 21 24 26 28 30 33 34 36 38 41 42 44 46 47
1 3 4 7 9 10 13 15 16 18 22 23 25 27 29 30 32 34 37 38 41 42 45 47 48
0 2 3 6 8 9 12 16 17 19 21 22 24 26 28 31 32 34 37 38 40 43 44 46 47
0 2 3 6 8 9 12 16 17 18 22 23 24 26 28 30 32 34 37 38 41 43 44 46 47
0 2 3 6 8 9 12 16 17 18 20 21 24 26 28 30 32 35 37 38 40 43 44 46 47
0 4 5 6 10 11 12 14 15 18 20 21 24 26 28 30 32 35 37 38 41 42 44 48 49
0 4 5 7 9 10 13 15 16 18 22 23 24 27 29 30 32 34 37 38 40 42 44 48 49
0 4 5 6 8 9 13 15 16 19 21 22 24 26 29 31 32 34 37 38 41 42 44 48 49
1 3 4 7 9 10 13 15 16 18 22 23 25 27 29 30 32 34 36 38 40 42 45 47 48
0 2 3 6 8 9 13 15 16 18 22 23 24 26 29 30 32 34 36 38 41 43 44 46 47
0 4 5 7 9 10 13 15 16 18 20 21 24 27 29 30 32 35 36 38 40 42 44 48 49
1 3 4 6 10 11 13 15 16 18 22 23 25 26 29 30 32 34 37 38 41 43 45 47 48
0 4 5 6 10 11 13 15 16 18 20 21 24 26 29 30 32 35 37 38 41 42 44 48 49
0 4 5 6 8 9 12 16 17 18 22 23 24 26 28 30 33 35 37 38 41 43 44 48 49
0 4 5 6 8 9 12 16 17 18 22 23 24 26 28 30 32 35 37 38 41 42 44 48 49
1 3 4 6 10 11 13 15 16 18 22 23 25 26 29 30 32 35 36 38 41 43 45 47 48
0 4 5 6 8 9 12 16 17 18 22 23 24 26 28 30 32 35 37 39 40 42 44 48 49
0 4 5 6 8 9 12 14 15 18 22 23 24 26 28 30 33 35 36 38 40 42 44 48 49
0 4 5 6 8 9 13 15 16 18 20 21 24 26 29 30 32 34 36 38 40 43 44 48 49
0 2 3 6 8 9 12 14 15 18 22 23 24 26 28 30 32 34 36 38 41 42 44 46 47
1 3 4 6 8 9 13 15 16 18 20 21 25 26 29 30 32 34 37 38 41 43 45 47 48
0 4 5 6 8 9 12 14 15 18 22 23 24 26 28 30 33 34 37 38 41 42 44 48 49
0 4 5 6 8 9 13 15 16 18 20 21 24 26 29 30 32 35 37 39 40 42 44 48 49
0 4 5 6 10 11 13 15 16 18 22 23 24 26 29 30 32 34 36 38 40 43 44 48 49
0 2 3 6 8 9 12 16 17 18 20 21 24 26 28 30 32 34 37 38 41 42 44 46 47
0 4 5 7 9 10 12 14 15 18 20 21 24 27 28 30 32 35 36 38 40 42 44 48 49
0 2 3 6 10 11 12 16 17 18 22 23 24 26 28 30 33 35 36 38 40 42 44 46 47
0 2 3 6 10 11 12 16 17 18 20 21 24 26 28 30 33 34 37 38 40 43 44 46 47
0 2 3 6 10 11 12 16 17 19 21 22 24 26 28 31 32 34 37 38 40 43 44 46 47
0 2 3 6 8 9 12 14 15 18 20 21 24 26 28 30 32 34 37 38 41 42 44 46 47
1 3 4 7 9 10 13 15 16 19 21 22 25 27 29 31 32 34 37 38 41 42 45 47 48
0 4 5 6 10 11 13 15 16 18 20 21 24 26 29 30 32 34 37 38 40 43 44 48 49
1 3 4 6 10 11 13 15 16 18 22 23 25 26 29 30 32 35 37 38 41 42 45 47 48
0 2 3 6 8 9 12 14 15 19 21 22 24 26 28 31 32 34 37 38 40 42 44 46 47
0 2 3 6 8 9 12 14 15 18 20 21 24 26 28 30 33 34 36 38 40 43 44 46 47
0 2 3 6 10 11 13 15 16 18 20 21 24 26 29 30 32 35 37 39 41 43 44 46 47
0 2 3 6 10 11 12 14 15 18 20 21 24 26 28 30 33 35 37 39 41 43 44 46 47
0 4 5 6 8 9 12 14 15 18 20 21 24 26 28 30 32 34 36 38 41 42 44 48 49
1 3 4 7 9 10 13 15 16 18 20 21 25 27 29 30 32 34 36 38 40 43 45 47 48
0 2 3 7 9 10 12 14 15 18 22 23 24 27 28 30 33 34 36 38 40 42 44 46 47
0 4 5 6 10 11 12 14 15 18 20 21 24 26 28 30 33 34 37 38 41 42 44 48 49
0 2 3 6 8 9 13 15 16 18 22 23 24 26 29 30 33 35 37 38 41 43 44 46 47
0 2 3 7 9 10 12 14 15 18 20 21 24 27 28 30 32 35 36 38 40 43 44 46 47
0 4 5 6 10 11 13 15 16 18 22 23 24 26 29 30 32 35 37 38 41 42 44 48 49
0 2 3 6 10 11 12 16 17 18 20 21 24 26 28 30 33 35 36 38 41 43 44 46 47
0 2 3 7 9 10 12 16 17 18 20 21 24 27 28 30 32 34 36 38 40 43 44 46 47
0 4 5 6 8 9 12 16 17 18 20 21 24 26 28 30 32 35 36 38 41 42 44 48 49
0 2 3 6 8 9 13 15 16 19 21 22 24 26 29 31 32 35 37 38 41 42 44 46 47
0 4 5 6 10 11 12 14 15 18 22 23 24 26 28 30 32 35 37 39 41 42 44 48 49
0 2 3 6 10 11 13 15 16 18 20 21 24 26 29 30 32 35 36 38 41 43 44 46 47
0 2 3 6 8 9 12 14 15 18 22 23 24 26 28 30 32 34 36 38 40 43 44 46 47
0 4 5 6 10 11 12 16 17 18 22 23 24 26 28 30 32 34 36 38 40 42 44 48 49
0 4 5 6 10 11 12 14 15 18 22 23 24 26 28 30 32 34 36 38 41 43 44 48 49
1 3 4 6 10 11 13 15 16 19 21 22 25 26 29 31 32 34 37 38 40 42 45 47 48
0 4 5 6 8 9 13 15 16 18 20 21 24 26 29 30 33 34 36 38 40 42 44 48 49
0 4 5 6 10 11 12 14 15 18 20 21 24 26 28 30 32 35 37 39 40 43 44 48 49
0 4 5 6 8 9 12 14 15 18 22 23 24 26 28 30 33 34 37 38 41 43 44 48 49
1 3 4 6 8 9 13 15 16 18 22 23 25 26 29 30 33 34 37 38 40 42 45 47 48
0 4 5 6 8 9 12 16 17 19 21 22 24 26 28 31 32 35 37 38 40 42 44 48 49
0 2 3 6 8 9 13 15 16 18 20 21 24 26 29 30 33 34 36 38 41 43 44 46 47
0 2 3 7 9 10 12 16 17 19 21 22 24 27 28 31 32 35 37 38 40 42 44 46 47
0 4 5 6 10 11 12 14 15 19 21 22 24 26 28 31 32 35 37 39 41 43 44 48 49
1 3 4 6 8 9 13 15 16 18 20 21 25 26 29 30 33 34 37 38 40 42 45 47 48
0 4 5 6 8 9 12 14 15 18 20 21 24 26 28 30 33 35 37 38 41 42 44 48 49
0 2 3 6 10 11 12 16 17 18 22 23 24 26 28 30 33 35 37 38 40 42 44 46 47
0 2 3 6 8 9 13 15 16 18 20 21 24 26 29 30 33 35 37 38 41 43 44 46 47
0 4 5 6 8 9 12 16 17 18 22 23 24 26 28 30 32 34 36 38 41 43 44 48 49
0 4 5 6 10 11 12 14 15 18 20 21 24 26 28 30 32 35 37 38 40 43 44 48 49
0 2 3 6 8 9 13 15 16 18 20 21 24 26 29 30 33 35 37 38 40 43 44 46 47
0 4 5 6 10 11 12 16 17 19 21 22 24 26 28 31 32 35 37 38 40 42 44 48 49
1 3 4 6 8 9 13 15 16 18 20 21 25 26 29 30 32 35 37 38 40 42 45 47 48
0 2 3 7 9 10 12 16 17 18 22 23 24 27 28 30 32 34 36 38 41 43 44 46 47
1 3 4 7 9 10 13 15 16 18 20 21 25 27 29 30 32 35 36 38 40 42 45 47 48
0 2 3 6 8 9 13 15 16 18 22 23 24 26 29 30 32 35 37 39 40 42 44 46 47
1 3 4 7 9 10 13 15 16 18 20 21 25 27 29 30 32 35 37 38 40 42 45 47 48
0 4 5 6 8 9 12 14 15 18 22 23 24 26 28 30 32 35 37 39 40 43 44 48 49
0 2 3 6 10 11 12 16 17 18 22 23 24 26 28 30 32 34 37 38 41 43 44 46 47
1 3 4 6 10 11 13 15 16 18 22 23 25 26 29 30 32 35 37 38 41 43 45 47 48
0 2 3 7 9 10 13 15 16 18 22 23 24 27 29 30 32 34 36 38 40 43 44 46 47
0 4 5 6 10 11 12 16 17 18 20 21 24 26 28 30 32 34 37 38 40 43 44 48 49
0 4 5 6 8 9 12 16 17 18 20 21 24 26 28 30 32 34 36 38 40 43 44 48 49
0 2 3 6 8 9 13 15 16 18 20 21 24 26 29 30 32 35 37 38 41 43 44 46 47
0 2 3 6 8 9 12 16 17 18 20 21 24 26 28 30 32 34 37 38 41 43 44 46 47
1 3 4 6 10 11 13 15 16 18 22 23 25 26 29 30 32 34 36 38 41 42 45 47 48
0 2 3 7 9 10 12 16 17 18 20 21 24 27 28 30 32 34 37 38 40 42 44 46 47
0 2 3 7 9 10 12 16 17 18 20 21 24 27 28 30 32 35 37 38 40 42 44 46 47
0 2 3 6 8 9 13 15 16 18 20 21 24 26 29 30 33 35 37 39 40 42 44 46 47
0 4 5 6 10 11 12 14 15 18 20 21 24 26 28 30 32 35 37 39 41 42 44 48 49
0 2 3 6 8 9 13 15 16 18 22 23 24 26 29 30 33 34 37 38 41 42 44 46 47
0 2 3 6 10 11 13 15 16 18 22 23 24 26 29 30 32 35 37 38 40 42 44 46 47
1 3 4 7 9 10 13 15 16 18 22 23 25 27 29 30 32 35 37 39 40 43 45 47 48
0 4 5 6 8 9 12 16 17 18 22 23 24 26 28 30 33 35 37 39 40 42 44 48 49
0 2 3 6 10 11 12 14 15 18 22 23 24 26 28 30 32 35 37 39 41 43 44 46 47
0 4 5 6 10 11 12 16 17 18 20 21 24 26 28 30 32 35 37 39 41 42 44 48 49
0 4 5 6 8 9 13 15 16 18 20 21 24 26 29 30 33 35 37 39 41 43 44 48 49
0 4 5 7 9 10 12 16 17 18 20 21 24 27 28 30 32 34 36 38 41 42 44 48 49
0 4 5 6 8 9 12 14 15 18 22 23 24 26 28 30 33 34 37 38 40 42 44 48 49
0 4 5 6 8 9 13 15 16 18 22 23 24 26 29 30 33 35 37 38 40 42 44 48 49
0 4 5 6 10 11 13 15 16 18 20 21 24 26 29 30 32 35 37 39 41 43 44 48 49
0 2 3 6 8 9 12 14 15 18 20 21 24 26 28 30 32 35 37 38 41 43 44 46 47
0 2 3 6 8 9 13 15 16 19 21 22 24 26 29 31 32 35 37 38 40 43 44 46 47
0 4 5 6 8 9 12 16 17 18 20 21 24 26 28 30 33 35 37 39 41 43 44 48 49
0 4 5 6 10 11 12 14 15 18 20 21 24 26 28 30 33 34 37 38 40 43 44 48 49
0 4 5 6 8 9 12 16 17 18 20 21 24 26 28 30 32 35 37 38 41 43 44 48 49
0 2 3 6 10 11 12 14 15 19 21 22 24 26 28 31 32 34 37 38 40 42 44 46 47
0 4 5 6 10 11 12 16 17 18 20 21 24 26 28 30 33 34 37 38 41 43 44 48 49
0 4 5 6 8 9 13 15 16 18 22 23 24 26 29 30 33 35 37 39 41 43 44 48 49
0 4 5 6 10 11 13 15 16 18 20 21 24 26 29 30 33 35 37 38 41 42 44 48 49
0 4 5 7 9 10 12 16 17 18 20 21 24 27 28 30 32 35 37 38 40 42 44 48 49
1 3 4 6 10 11 13 15 16 19 21 22 25 26 29 31 32 34 37 38 40 43 45 47 48
1 3 4 7 9 10 13 15 16 18 20 21 25 27 29 30 32 34 37 38 40 42 45 47 48
0 4 5 6 8 9 12 14 15 18 20 21 24 26 28 30 33 34 37 38 40 43 44 48 49
0 2 3 6 8 9 12 16 17 18 20 21 24 26 28 30 33 34 37 38 40 43 44 46 47
1 3 4 6 8 9 13 15 16 18 20 21 25 26 29 30 32 34 37 38 40 42 45 47 48
0 2 3 6 8 9 12 14 15 19 21 22 24 26 28 31 32 35 37 38 40 43 44 46 47
1 3 4 7 9 10 13 15 16 19 21 22 25 27 29 31 32 35 37 39 41 43 45 47 48
0 2 3 6 8 9 12 16 17 18 22 23 24 26 28 30 33 35 37 39 40 42 44 46 47
1 3 4 6 8 9 13 15 16 18 20 21 25 26 29 30 32 35 36 38 40 42 45 47 48
0 2 3 6 8 9 12 16 17 18 20 21 24 26 28 30 32 34 37 38 40 42 44 46 47
0 4 5 6 8 9 13 15 16 18 22 23 24 26 29 30 33 34 37 38 41 43 44 48 49
0 2 3 6 8 9 12 16 17 18 20 21 24 26 28 30 33 34 36 38 41 43 44 46 47
0 4 5 6 10 11 12 14 15 18 20 21 24 26 28 30 32 35 36 38 41 42 44 48 49
0 2 3 6 8 9 13 15 16 18 22 23 24 26 29 30 32 35 37 38 41 42 44 46 47
0 4 5 6 8 9 12 14 15 18 20 21 24 26 28 30 32 34 36 38 41 43 44 48 49
0 2 3 6 8 9 13 15 16 19 21 22 24 26 29 31 32 35 37 39 41 42 44 46 47
0 2 3 6 8 9 13 15 16 18 20 21 24 26 29 30 32 34 37 38 41 42 44 46 47
0 4 5 6 10 11 12 14 15 19 21 22 24 26 28 31 32 34 37 38 40 42 44 48 49
0 4 5 7 9 10 13 15 16 18 22 23 24 27 29 30 32 35 37 38 41 43 44 48 49
0 4 5 6 8 9 12 16 17 18 22 23 24 26 28 30 32 35 36 38 40 43 44 48 49
0 2 3 7 9 10 12 14 15 18 20 21 24 27 28 30 32 34 37 38 41 43 44 46 47
0 4 5 6 10 11 12 14 15 18 22 23 24 26 28 30 32 34 37 38 40 43 44 48 49
0 4 5 7 9 10 12 16 17 18 22 23 24 27 28 30 32 35 36 38 40 43 44 48 49
0 4 5 6 10 11 13 15 16 18 22 23 24 26 29 30 32 35 37 38 41 43 44 48 49
0 2 3 6 8 9 13 15 16 18 20 21 24 26 29 30 33 34 37 38 40 43 44 46 47
0 4 5 7 9 10 12 14 15 18 22 23 24 27 28 30 32 34 36 38 40 43 44 48 49
0 4 5 6 10 11 12 14 15 18 20 21 24 26 28 30 32 35 37 38 40 42 44 48 49
0 2 3 6 10 11 12 14 15 18 20 21 24 26 28 30 32 35 37 38 41 43 44 46 47
0 2 3 6 8 9 13 15 16 19 21 22 24 26 29 31 32 35 37 39 40 43 44 46 47
0 4 5 6 8 9 12 14 15 18 20 21 24 26 28 30 32 35 36 38 40 42 44 48 49
0 4 5 6 10 11 13 15 16 18 20 21 24 26 29 30 33 34 37 38 41 42 44 48 49
0 4 5 6 8 9 12 14 15 18 20 21 24 26 28 30 33 34 37 38 41 43 44 48 49
0 4 5 6 8 9 12 14 15 19 21 22 24 26 28 31 32 35 37 38 41 42 44 48 49
0 2 3 6 10 11 12 14 15 18 22 23 24 26 28 30 33 35 37 38 41 42 44 46 47
0 2 3 6 8 9 12 16 17 18 22 23 24 26 28 30 32 34 37 38 40 42 44 46 47
0 4 5 6 10 11 13 15 16 18 20 21 24 26 29 30 32 35 37 38 40 42 44 48 49
1 3 4 7 9 10 13 15 16 19 21 22 25 27 29 31 32 35 37 38 41 43 45 47 48
0 4 5 6 8 9 12 16 17 18 20 21 24 26 28 30 32 34 37 38 41 43 44 48 49
0 2 3 6 8 9 12 16 17 18 22 23 24 26 28 30 32 34 36 38 40 42 44 46 47
0 4 5 7 9 10 12 16 17 18 22 23 24 27 28 30 32 35 36 38 40 42 44 48 49
0 4 5 6 10 11 13 15 16 18 20 21 24 26 29 30 33 34 36 38 40 43 44 48 49
0 2 3 6 10 11 12 16 17 18 20 21 24 26 28 30 33 34 37 38 40 42 44 46 47
0 2 3 6 8 9 13 15 16 18 20 21 24 26 29 30 33 34 36 38 40 43 44 46 47
0 2 3 6 10 11 13 15 16 18 22 23 24 26 29 30 32 35 37 39 41 42 44 46 47
1 3 4 6 8 9 13 15 16 18 22 23 25 26 29 30 32 35 37 38 40 42 45 47 48
0 4 5 6 8 9 12 14 15 18 22 23 24 26 28 30 33 35 37 38 41 42 44 48 49
0 2 3 6 8 9 13 15 16 18 20 21 24 26 29 30 32 34 37 38 40 43 44 46 47
1 3 4 6 10 11 13 15 16 18 20 21 25 26 29 30 32 35 37 38 40 42 45 47 48
0 2 3 6 10 11 13 15 16 18 20 21 24 26 29 30 32 35 37 39 40 42 44 46 47
1 3 4 6 8 9 13 15 16 18 20 21 25 26 29 30 32 34 37 38 41 42 45 47 48
0 2 3 7 9 10 12 16 17 18 20 21 24 27 28 30 32 34 36 38 40 42 44 46 47
