501 521 894 948
501 521 769 844
501 521 808 863
509 528 980 1033
509 528 758 830
509 528 947 1002
475 490 619 652
475 490 581 608
523 542 619 652
523 542 581 608
475 490 523 542
188 284 322 519
188 272 322 495
188 298 322 526
189 284 312 519
189 272 312 495
189 298 312 526
180 284 315 519
180 272 315 495
180 298 315 526
188 189 312 322
180 188 315 322
180 189 312 315
350 432 921 991
350 432 746 818
350 432 809 879
350 432 994 1055
220 283 407 518
220 259 407 473
224 283 395 518
224 259 395 473
225 283 396 518
225 259 396 473
220 224 395 407
220 225 396 407
224 225 395 396
228 401 426 670
228 332 401 698
228 374 401 577
230 402 426 670
230 332 402 698
230 374 402 577
228 230 401 402
192 317 429 674
192 317 365 561
192 317 382 597
192 317 384 602
193 319 429 674
193 319 365 561
193 319 382 597
193 319 384 602
192 193 317 319
546 694 839 905
546 694 807 860
456 537 952 1018
456 537 899 964
456 537 925 985
764 800 851 1048
93 136 215 405
93 136 214 389
93 136 194 420
93 136 204 370
93 136 206 377
93 136 202 351
93 136 203 366
93 136 205 375
93 136 207 378
94 137 215 405
94 137 214 389
94 137 194 420
94 137 204 370
94 137 206 377
94 137 202 351
94 137 203 366
94 137 205 375
94 137 207 378
96 138 215 405
96 138 214 389
96 138 194 420
96 138 204 370
96 138 206 377
96 138 202 351
96 138 203 366
96 138 205 375
96 138 207 378
95 139 215 405
95 139 214 389
95 139 194 420
95 139 204 370
95 139 206 377
95 139 202 351
95 139 203 366
95 139 205 375
95 139 207 378
93 94 136 137
93 96 136 138
93 95 136 139
94 96 137 138
94 95 137 139
95 96 138 139
140 271 285 513
140 257 271 466
140 261 271 480
140 271 278 504
140 141 268 271
140 142 271 273
141 268 285 513
141 257 268 466
141 261 268 480
141 268 278 504
142 273 285 513
142 257 273 466
142 261 273 480
142 273 278 504
141 142 268 273
464 483 754 826
464 483 762 1045
464 483 777 837
503 524 793 848
503 524 829 885
503 524 867 932
660 704 747 1023
660 704 725 796
176 321 427 673
176 321 381 592
176 321 414 636
176 321 424 668
182 318 427 673
182 318 381 592
182 318 414 636
182 318 424 668
176 182 318 321
286 288 514 515
286 287 514 516
286 289 514 520
287 288 515 516
288 289 515 520
287 289 516 520
489 510 941 1006
489 510 744 814
489 510 854 923
613 647 768 843
613 647 853 922
265 275 982 1043
265 275 739 1026
265 275 763 1046
265 275 883 938
265 275 823 892
265 275 940 1003
460 543 978 1030
460 543 961 1024
460 543 815 877
267 280 641 681
267 280 615 644
267 280 639 685
267 280 649 690
267 280 564 600
258 263 641 681
258 263 615 644
258 263 639 685
258 263 649 690
258 263 564 600
258 263 267 280
252 294 718 1005
252 294 773 835
252 294 797 857
252 294 891 957
252 294 882 935
252 294 722 794
795 855 949 1013
459 536 785 845
459 536 783 1052
459 536 910 976
439 467 781 849
439 467 903 968
439 467 927 988
251 255 584 612
251 255 656 700
251 255 545 574
251 255 611 646
251 255 590 620
254 260 584 612
254 260 656 700
254 260 545 574
254 260 611 646
254 260 590 620
251 254 255 260
703 705 962 969
472 487 787 1054
472 487 778 838
472 487 915 970
300 327 897 951
300 327 771 1041
300 327 767 842
300 327 782 1060
300 327 881 936
336 423 635 675
336 423 633 678
336 423 632 676
360 434 635 675
360 434 633 678
360 434 632 676
336 360 423 434
246 282 451 530
246 282 462 544
246 282 442 468
246 282 476 491
266 281 451 530
266 281 462 544
266 281 442 468
266 281 476 491
276 297 451 530
276 297 462 544
276 297 442 468
276 297 476 491
246 266 281 282
246 276 282 297
266 276 281 297
102 171 329 394
102 171 310 379
102 171 331 416
102 171 308 371
102 171 299 422
102 171 306 435
102 171 307 364
147 165 329 394
147 165 310 379
147 165 331 416
147 165 308 371
147 165 299 422
147 165 306 435
147 165 307 364
153 174 329 394
153 174 310 379
153 174 331 416
153 174 308 371
153 174 299 422
153 174 306 435
153 174 307 364
143 184 329 394
143 184 310 379
143 184 331 416
143 184 308 371
143 184 299 422
143 184 306 435
143 184 307 364
102 147 165 171
102 153 171 174
102 143 171 184
147 153 165 174
143 147 165 184
143 153 174 184
388 417 804 871
388 417 748 1037
388 417 790 847
388 417 821 888
309 323 875 928
309 323 906 960
309 323 908 963
309 323 971 1036
309 323 1004 1059
463 540 972 1035
463 540 766 840
463 540 741 811
238 241 363 372
238 241 358 433
238 241 368 385
238 241 386 412
242 243 363 372
242 243 358 433
242 243 368 385
242 243 386 412
234 236 363 372
234 236 358 433
234 236 368 385
234 236 386 412
237 240 363 372
237 240 358 433
237 240 368 385
237 240 386 412
238 241 242 243
234 236 238 241
237 238 240 241
234 236 242 243
237 240 242 243
234 236 237 240
149 212 216 320
149 212 233 325
149 195 212 326
149 200 212 328
128 208 216 320
128 208 233 325
128 195 208 326
128 200 208 328
129 209 216 320
129 209 233 325
129 195 209 326
129 200 209 328
130 210 216 320
130 210 233 325
130 195 210 326
130 200 210 328
151 211 216 320
151 211 233 325
151 195 211 326
151 200 211 328
128 149 208 212
129 149 209 212
130 149 210 212
149 151 211 212
128 129 208 209
128 130 208 210
128 151 208 211
129 130 209 210
129 151 209 211
130 151 210 211
563 598 738 803
563 598 841 898
481 494 686 713
481 494 643 682
458 477 686 713
458 477 643 682
458 477 481 494
239 253 538 684
239 253 450 706
239 253 499 605
217 239 253 671
239 253 506 623
235 291 538 684
235 291 450 706
235 291 499 605
217 235 291 671
235 291 506 623
235 239 253 291
219 408 428 672
219 362 408 716
219 376 408 595
229 400 428 672
229 362 400 716
229 376 400 595
219 229 400 408
610 645 979 1032
610 645 973 1038
665 708 775 1056
665 708 926 987
507 525 733 1012
507 525 824 893
507 525 930 999
583 609 945 1001
583 609 993 1042
148 152 455 533
148 152 482 497
148 152 488 505
148 152 444 529
148 152 498 522
148 152 512 527
148 152 485 502
148 152 471 486
148 152 484 500
146 150 455 533
146 150 482 497
146 150 488 505
146 150 444 529
146 150 498 522
146 150 512 527
146 150 485 502
146 150 471 486
146 150 484 500
144 145 455 533
144 145 482 497
144 145 488 505
144 145 444 529
144 145 498 522
144 145 512 527
144 145 485 502
144 145 471 486
144 145 484 500
146 148 150 152
144 145 148 152
144 145 146 150
622 654 878 944
622 654 719 798
218 222 406 410
218 227 399 406
218 231 403 406
218 232 404 406
222 227 399 410
222 231 403 410
222 232 404 410
227 231 399 403
227 232 399 404
231 232 403 404
178 190 311 313
177 190 311 314
190 226 311 397
190 213 311 387
190 191 311 316
177 178 313 314
178 226 313 397
178 213 313 387
178 191 313 316
177 226 314 397
177 213 314 387
177 191 314 316
191 226 316 397
191 213 316 387
274 293 559 712
274 293 547 571
274 293 591 621
274 293 594 627
274 293 549 701
244 279 559 712
244 279 547 571
244 279 591 621
244 279 594 627
244 279 549 701
244 274 279 293
630 667 724 1015
630 667 856 918
431 664 702 967
431 664 683 924
677 709 759 1031
677 709 832 887
221 409 425 669
221 409 436 691
221 369 409 565
223 411 425 669
223 411 436 691
223 369 411 565
221 223 409 411
756 820 827 890
552 576 726 1017
552 576 866 931
626 659 876 929
626 659 730 1019
131 188 284 334
131 189 284 338
188 272 334 535
189 272 338 535
188 298 334 465
189 298 338 465
131 180 284 303
180 272 303 535
180 298 303 465
180 188 303 334
180 189 303 338
438 534 562 599
438 534 629 666
469 539 562 599
469 539 629 666
438 469 534 539
383 393 889 959
383 393 914 943
383 393 817 870
383 393 966 1057
517 541 580 715
517 541 650 695
457 478 580 715
457 478 650 695
457 478 517 541
220 283 355 452
220 259 355 493
224 283 333 452
224 259 333 493
225 283 337 452
225 259 337 493
220 224 333 355
220 225 337 355
224 225 333 337
228 342 426 557
228 332 342 566
228 342 374 631
230 349 426 557
230 332 349 566
230 349 374 631
228 230 342 349
192 344 429 550
193 348 429 550
192 344 365 616
193 348 365 616
192 344 382 657
193 348 382 657
192 344 384 658
193 348 384 658
757 833 954 984
93 132 215 352
93 132 214 357
93 132 194 361
93 132 204 391
93 132 206 413
93 132 202 373
93 132 203 392
93 132 205 421
93 132 207 415
94 135 215 352
94 135 214 357
94 135 194 361
94 135 204 391
94 135 206 413
94 135 202 373
94 135 203 392
94 135 205 421
94 135 207 415
96 134 215 352
96 134 214 357
96 134 194 361
96 134 204 391
96 134 206 413
96 134 202 373
96 134 203 392
96 134 205 421
96 134 207 415
95 133 215 352
95 133 214 357
95 133 194 361
95 133 204 391
95 133 206 413
95 133 202 373
95 133 203 392
95 133 205 421
95 133 207 415
93 94 132 135
93 96 132 134
93 95 132 133
94 96 134 135
94 95 133 135
95 96 133 134
140 245 285 441
140 245 257 496
140 245 261 511
140 245 278 454
140 141 245 247
140 142 245 249
141 247 285 441
141 247 257 496
141 247 261 511
141 247 278 454
142 249 285 441
142 249 257 496
142 249 261 511
142 249 278 454
141 142 247 249
176 305 427 554
176 305 381 663
176 305 414 710
176 305 424 553
182 304 427 554
182 304 381 663
182 304 414 710
182 304 424 553
176 182 304 305
256 262 593 604
256 262 596 606
256 262 637 655
256 262 567 585
256 262 651 689
269 295 593 604
269 295 596 606
269 295 637 655
269 295 567 585
269 295 651 689
256 262 269 295
286 288 443 446
286 287 443 445
286 289 443 447
287 288 445 446
288 289 446 447
287 289 445 447
199 201 953 986
199 201 742 1014
199 201 745 1016
199 201 864 919
199 201 755 850
199 201 736 1029
199 201 805 1044
199 201 812 868
825 852 992 1039
380 398 560 696
380 398 572 717
380 398 603 642
419 430 560 696
419 430 572 717
419 430 603 642
380 398 419 430
324 330 779 831
324 330 734 1028
324 330 791 813
324 330 801 895
324 330 965 1053
723 749 786 1020
449 531 904 950
449 531 983 1049
449 531 862 916
907 937 956 1007
703 705 732 750
99 532 872 901
99 532 955 989
99 532 977 1047
100 474 731 765
100 474 737 770
100 474 752 1022
492 508 721 780
492 508 761 1008
492 508 912 939
582 618 720 1034
582 618 760 1009
102 154 329 728
102 154 310 990
102 154 331 802
102 154 308 1010
102 154 299 788
102 154 306 846
102 154 307 920
102 147 154 1058
102 153 154 799
102 143 154 828
106 735 1027 1051
128 196 216 453
128 149 196 440
128 151 196 448
128 196 233 470
128 195 196 461
128 196 200 479
129 197 216 453
129 149 197 440
129 151 197 448
129 197 233 470
129 195 197 461
129 197 200 479
130 198 216 453
130 149 198 440
130 151 198 448
130 198 233 470
130 195 198 461
130 198 200 479
128 129 196 197
128 130 196 198
129 130 197 198
359 367 858 913
359 367 865 900
359 367 995 1040
359 367 1000 1025
548 568 570 588
570 588 601 648
548 568 579 617
579 601 617 648
784 810 911 934
101 697 819 874
101 697 861 917
103 555 942 996
103 555 751 1021
97 217 538 806
97 217 450 772
97 217 499 1011
97 217 239 933
97 217 506 998
97 217 235 836
219 354 428 556
219 354 362 586
219 354 376 680
229 343 428 556
229 343 362 586
229 343 376 680
219 229 343 354
624 679 727 789
624 679 880 974
390 418 729 792
390 418 743 776
390 418 884 975
390 418 740 774
105 896 909 958
98 218 222 356
218 227 345 356
218 231 347 356
218 232 346 356
98 222 227 345
98 222 231 347
98 222 232 346
227 231 345 347
227 232 345 346
231 232 346 347
264 277 578 714
264 277 693 707
264 277 589 614
264 277 575 628
264 277 653 692
248 290 578 714
248 290 693 707
248 290 589 614
248 290 575 628
248 290 653 692
248 264 277 290
104 822 834 859
178 190 302 339
178 191 302 340
177 190 301 339
177 191 301 340
190 226 339 341
190 213 339 437
191 226 340 341
191 213 340 437
177 178 301 302
178 226 302 341
178 213 302 437
177 226 301 341
177 213 301 437
431 551 702 753
431 551 683 1050
816 869 946 997
221 353 425 558
221 353 436 573
221 353 369 638
223 335 425 558
223 335 436 573
223 335 369 638
221 223 335 353
270 296 640 699
270 296 569 587
270 296 625 661
270 296 607 634
270 296 662 688
250 292 640 699
250 292 569 587
250 292 625 661
250 292 607 634
250 292 662 688
250 270 292 296
687 711 873 902
687 711 886 981
0 1 39 88 89 91
0 1 39 45 50 53
0 1 39 75 80 84
0 1 39 70 74 83
0 1 39 56 57 71
0 1 39 48 85 86
0 1 14 16 22 39
0 1 11 20 23 39
0 1 39 46 47 49
0 1 39 58 60 72
0 1 5 6 9 39
0 1 39 76 79 82
0 1 39 51 52 54
0 1 24 32 36 39
0 1 26 34 35 39
0 1 12 13 28 39
0 1 39 55 62 66
0 1 39 63 64 67
0 1 39 65 68 69
0 1 39 77 78 81
0 1 17 18 21 39
0 1 2 15 19 39
0 1 3 8 10 39
0 1 39 87 90 92
0 1 39 59 61 73
0 1 29 30 33 39
0 1 4 7 37 39
0 1 38 39 43 44
0 1 25 27 31 39
0 1 39 40 41 42
75 80 84 88 89 91
70 74 83 88 89 91
45 50 53 75 80 84
45 50 53 70 74 83
56 57 71 88 89 91
48 85 86 88 89 91
45 50 53 56 57 71
45 48 50 53 85 86
14 16 22 88 89 91
14 16 22 45 50 53
11 20 23 88 89 91
11 20 23 45 50 53
46 47 49 88 89 91
58 60 72 88 89 91
45 46 47 49 50 53
45 50 53 58 60 72
5 6 9 88 89 91
5 6 9 45 50 53
76 79 82 88 89 91
51 52 54 88 89 91
45 50 53 76 79 82
45 50 51 52 53 54
24 32 36 88 89 91
24 32 36 45 50 53
26 34 35 88 89 91
26 34 35 45 50 53
12 13 28 88 89 91
12 13 28 45 50 53
55 62 66 88 89 91
63 64 67 88 89 91
45 50 53 55 62 66
45 50 53 63 64 67
65 68 69 88 89 91
77 78 81 88 89 91
45 50 53 65 68 69
45 50 53 77 78 81
17 18 21 88 89 91
17 18 21 45 50 53
2 15 19 88 89 91
2 15 19 45 50 53
3 8 10 88 89 91
3 8 10 45 50 53
87 88 89 90 91 92
59 61 73 88 89 91
45 50 53 87 90 92
45 50 53 59 61 73
29 30 33 88 89 91
29 30 33 45 50 53
4 7 37 88 89 91
4 7 37 45 50 53
38 43 44 88 89 91
38 43 44 45 50 53
25 27 31 88 89 91
25 27 31 45 50 53
40 41 42 88 89 91
40 41 42 45 50 53
56 57 71 75 80 84
48 75 80 84 85 86
56 57 70 71 74 83
48 70 74 83 85 86
14 16 22 75 80 84
14 16 22 70 74 83
11 20 23 75 80 84
11 20 23 70 74 83
46 47 49 75 80 84
58 60 72 75 80 84
46 47 49 70 74 83
58 60 70 72 74 83
5 6 9 75 80 84
5 6 9 70 74 83
75 76 79 80 82 84
51 52 54 75 80 84
70 74 76 79 82 83
51 52 54 70 74 83
24 32 36 75 80 84
24 32 36 70 74 83
26 34 35 75 80 84
26 34 35 70 74 83
12 13 28 75 80 84
12 13 28 70 74 83
55 62 66 75 80 84
63 64 67 75 80 84
55 62 66 70 74 83
63 64 67 70 74 83
65 68 69 75 80 84
75 77 78 80 81 84
65 68 69 70 74 83
70 74 77 78 81 83
17 18 21 75 80 84
17 18 21 70 74 83
2 15 19 75 80 84
2 15 19 70 74 83
3 8 10 75 80 84
3 8 10 70 74 83
75 80 84 87 90 92
59 61 73 75 80 84
70 74 83 87 90 92
59 61 70 73 74 83
29 30 33 75 80 84
29 30 33 70 74 83
4 7 37 75 80 84
4 7 37 70 74 83
38 43 44 75 80 84
38 43 44 70 74 83
25 27 31 75 80 84
25 27 31 70 74 83
40 41 42 75 80 84
40 41 42 70 74 83
14 16 22 56 57 71
14 16 22 48 85 86
11 20 23 56 57 71
11 20 23 48 85 86
46 47 49 56 57 71
56 57 58 60 71 72
46 47 48 49 85 86
48 58 60 72 85 86
5 6 9 56 57 71
5 6 9 48 85 86
56 57 71 76 79 82
51 52 54 56 57 71
48 76 79 82 85 86
48 51 52 54 85 86
24 32 36 56 57 71
24 32 36 48 85 86
26 34 35 56 57 71
26 34 35 48 85 86
12 13 28 56 57 71
12 13 28 48 85 86
55 56 57 62 66 71
56 57 63 64 67 71
48 55 62 66 85 86
48 63 64 67 85 86
56 57 65 68 69 71
56 57 71 77 78 81
48 65 68 69 85 86
48 77 78 81 85 86
17 18 21 56 57 71
17 18 21 48 85 86
2 15 19 56 57 71
2 15 19 48 85 86
3 8 10 56 57 71
3 8 10 48 85 86
56 57 71 87 90 92
56 57 59 61 71 73
48 85 86 87 90 92
48 59 61 73 85 86
29 30 33 56 57 71
29 30 33 48 85 86
4 7 37 56 57 71
4 7 37 48 85 86
38 43 44 56 57 71
38 43 44 48 85 86
25 27 31 56 57 71
25 27 31 48 85 86
40 41 42 56 57 71
40 41 42 48 85 86
11 14 16 20 22 23
14 16 22 46 47 49
14 16 22 58 60 72
5 6 9 14 16 22
14 16 22 76 79 82
14 16 22 51 52 54
14 16 22 24 32 36
14 16 22 26 34 35
12 13 14 16 22 28
14 16 22 55 62 66
14 16 22 63 64 67
14 16 22 65 68 69
14 16 22 77 78 81
14 16 17 18 21 22
2 14 15 16 19 22
3 8 10 14 16 22
14 16 22 87 90 92
14 16 22 59 61 73
14 16 22 29 30 33
4 7 14 16 22 37
14 16 22 38 43 44
14 16 22 25 27 31
14 16 22 40 41 42
11 20 23 46 47 49
11 20 23 58 60 72
5 6 9 11 20 23
11 20 23 76 79 82
11 20 23 51 52 54
11 20 23 24 32 36
11 20 23 26 34 35
11 12 13 20 23 28
11 20 23 55 62 66
11 20 23 63 64 67
11 20 23 65 68 69
11 20 23 77 78 81
11 17 18 20 21 23
2 11 15 19 20 23
3 8 10 11 20 23
11 20 23 87 90 92
11 20 23 59 61 73
11 20 23 29 30 33
4 7 11 20 23 37
11 20 23 38 43 44
11 20 23 25 27 31
11 20 23 40 41 42
5 6 9 46 47 49
5 6 9 58 60 72
46 47 49 76 79 82
46 47 49 51 52 54
58 60 72 76 79 82
51 52 54 58 60 72
24 32 36 46 47 49
24 32 36 58 60 72
26 34 35 46 47 49
26 34 35 58 60 72
12 13 28 46 47 49
12 13 28 58 60 72
46 47 49 55 62 66
46 47 49 63 64 67
55 58 60 62 66 72
58 60 63 64 67 72
46 47 49 65 68 69
46 47 49 77 78 81
58 60 65 68 69 72
58 60 72 77 78 81
17 18 21 46 47 49
17 18 21 58 60 72
2 15 19 46 47 49
2 15 19 58 60 72
3 8 10 46 47 49
3 8 10 58 60 72
46 47 49 87 90 92
46 47 49 59 61 73
58 60 72 87 90 92
58 59 60 61 72 73
29 30 33 46 47 49
29 30 33 58 60 72
4 7 37 46 47 49
4 7 37 58 60 72
38 43 44 46 47 49
38 43 44 58 60 72
25 27 31 46 47 49
25 27 31 58 60 72
40 41 42 46 47 49
40 41 42 58 60 72
5 6 9 76 79 82
5 6 9 51 52 54
5 6 9 24 32 36
5 6 9 26 34 35
5 6 9 12 13 28
5 6 9 55 62 66
5 6 9 63 64 67
5 6 9 65 68 69
5 6 9 77 78 81
5 6 9 17 18 21
2 5 6 9 15 19
3 5 6 8 9 10
5 6 9 87 90 92
5 6 9 59 61 73
5 6 9 29 30 33
4 5 6 7 9 37
5 6 9 38 43 44
5 6 9 25 27 31
5 6 9 40 41 42
24 32 36 76 79 82
24 32 36 51 52 54
26 34 35 76 79 82
26 34 35 51 52 54
12 13 28 76 79 82
12 13 28 51 52 54
55 62 66 76 79 82
63 64 67 76 79 82
51 52 54 55 62 66
51 52 54 63 64 67
65 68 69 76 79 82
76 77 78 79 81 82
51 52 54 65 68 69
51 52 54 77 78 81
17 18 21 76 79 82
17 18 21 51 52 54
2 15 19 76 79 82
2 15 19 51 52 54
3 8 10 76 79 82
3 8 10 51 52 54
76 79 82 87 90 92
59 61 73 76 79 82
51 52 54 87 90 92
51 52 54 59 61 73
29 30 33 76 79 82
29 30 33 51 52 54
4 7 37 76 79 82
4 7 37 51 52 54
38 43 44 76 79 82
38 43 44 51 52 54
25 27 31 76 79 82
25 27 31 51 52 54
40 41 42 76 79 82
40 41 42 51 52 54
24 26 32 34 35 36
12 13 24 28 32 36
24 32 36 55 62 66
24 32 36 63 64 67
24 32 36 65 68 69
24 32 36 77 78 81
17 18 21 24 32 36
2 15 19 24 32 36
3 8 10 24 32 36
24 32 36 87 90 92
24 32 36 59 61 73
24 29 30 32 33 36
4 7 24 32 36 37
24 32 36 38 43 44
24 25 27 31 32 36
24 32 36 40 41 42
12 13 26 28 34 35
26 34 35 55 62 66
26 34 35 63 64 67
26 34 35 65 68 69
26 34 35 77 78 81
17 18 21 26 34 35
2 15 19 26 34 35
3 8 10 26 34 35
26 34 35 87 90 92
26 34 35 59 61 73
26 29 30 33 34 35
4 7 26 34 35 37
26 34 35 38 43 44
25 26 27 31 34 35
26 34 35 40 41 42
12 13 28 55 62 66
12 13 28 63 64 67
12 13 28 65 68 69
12 13 28 77 78 81
12 13 17 18 21 28
2 12 13 15 19 28
3 8 10 12 13 28
12 13 28 87 90 92
12 13 28 59 61 73
12 13 28 29 30 33
4 7 12 13 28 37
12 13 28 38 43 44
12 13 25 27 28 31
12 13 28 40 41 42
55 62 65 66 68 69
55 62 66 77 78 81
63 64 65 67 68 69
63 64 67 77 78 81
17 18 21 55 62 66
17 18 21 63 64 67
2 15 19 55 62 66
2 15 19 63 64 67
3 8 10 55 62 66
3 8 10 63 64 67
55 62 66 87 90 92
55 59 61 62 66 73
63 64 67 87 90 92
59 61 63 64 67 73
29 30 33 55 62 66
29 30 33 63 64 67
4 7 37 55 62 66
4 7 37 63 64 67
38 43 44 55 62 66
38 43 44 63 64 67
25 27 31 55 62 66
25 27 31 63 64 67
40 41 42 55 62 66
40 41 42 63 64 67
17 18 21 65 68 69
17 18 21 77 78 81
2 15 19 65 68 69
2 15 19 77 78 81
3 8 10 65 68 69
3 8 10 77 78 81
65 68 69 87 90 92
59 61 65 68 69 73
77 78 81 87 90 92
59 61 73 77 78 81
29 30 33 65 68 69
29 30 33 77 78 81
4 7 37 65 68 69
4 7 37 77 78 81
38 43 44 65 68 69
38 43 44 77 78 81
25 27 31 65 68 69
25 27 31 77 78 81
40 41 42 65 68 69
40 41 42 77 78 81
2 15 17 18 19 21
3 8 10 17 18 21
17 18 21 87 90 92
17 18 21 59 61 73
17 18 21 29 30 33
4 7 17 18 21 37
17 18 21 38 43 44
17 18 21 25 27 31
17 18 21 40 41 42
2 3 8 10 15 19
2 15 19 87 90 92
2 15 19 59 61 73
2 15 19 29 30 33
2 4 7 15 19 37
2 15 19 38 43 44
2 15 19 25 27 31
2 15 19 40 41 42
3 8 10 87 90 92
3 8 10 59 61 73
3 8 10 29 30 33
3 4 7 8 10 37
3 8 10 38 43 44
3 8 10 25 27 31
3 8 10 40 41 42
29 30 33 87 90 92
29 30 33 59 61 73
4 7 37 87 90 92
4 7 37 59 61 73
38 43 44 87 90 92
38 43 44 59 61 73
25 27 31 87 90 92
25 27 31 59 61 73
40 41 42 87 90 92
40 41 42 59 61 73
4 7 29 30 33 37
29 30 33 38 43 44
25 27 29 30 31 33
29 30 33 40 41 42
4 7 37 38 43 44
4 7 25 27 31 37
4 7 37 40 41 42
25 27 31 38 43 44
38 40 41 42 43 44
25 27 31 40 41 42
0 1 98 115 116 131
98 115 116 163 164 172
98 115 116 157 181 185
98 115 116 159 166 170
98 115 116 161 162 169
98 115 116 160 167 168
98 115 116 158 179 186
98 115 116 156 173 183
98 115 116 155 175 187
0 1 99 114 118 131
99 114 118 163 164 172
99 114 118 157 181 185
99 114 118 159 166 170
99 114 118 161 162 169
99 114 118 160 167 168
99 114 118 158 179 186
99 114 118 156 173 183
99 114 118 155 175 187
0 1 106 121 124 131
0 1 119 126 127 131
106 121 124 163 164 172
119 126 127 163 164 172
106 121 124 157 181 185
119 126 127 157 181 185
106 121 124 159 166 170
119 126 127 159 166 170
106 121 124 161 162 169
119 126 127 161 162 169
106 121 124 160 167 168
119 126 127 160 167 168
106 121 124 158 179 186
119 126 127 158 179 186
106 121 124 156 173 183
119 126 127 156 173 183
106 121 124 155 175 187
119 126 127 155 175 187
0 1 103 120 122 131
0 1 97 123 125 131
103 120 122 163 164 172
97 123 125 163 164 172
103 120 122 157 181 185
97 123 125 157 181 185
103 120 122 159 166 170
97 123 125 159 166 170
103 120 122 161 162 169
97 123 125 161 162 169
103 120 122 160 167 168
97 123 125 160 167 168
103 120 122 158 179 186
97 123 125 158 179 186
103 120 122 156 173 183
97 123 125 156 173 183
103 120 122 155 175 187
97 123 125 155 175 187
0 1 104 109 111 131
104 109 111 163 164 172
104 109 111 157 181 185
104 109 111 159 166 170
104 109 111 161 162 169
104 109 111 160 167 168
104 109 111 158 179 186
104 109 111 156 173 183
104 109 111 155 175 187
0 1 100 110 112 131
100 110 112 163 164 172
100 110 112 157 181 185
100 110 112 159 166 170
100 110 112 161 162 169
100 110 112 160 167 168
100 110 112 158 179 186
100 110 112 156 173 183
100 110 112 155 175 187
0 1 105 107 108 131
105 107 108 163 164 172
105 107 108 157 181 185
105 107 108 159 166 170
105 107 108 161 162 169
105 107 108 160 167 168
105 107 108 158 179 186
105 107 108 156 173 183
105 107 108 155 175 187
0 1 101 113 117 131
101 113 117 163 164 172
101 113 117 157 181 185
101 113 117 159 166 170
101 113 117 161 162 169
101 113 117 160 167 168
101 113 117 158 179 186
101 113 117 156 173 183
101 113 117 155 175 187
98 99 114 115 116 118
98 106 115 116 121 124
98 115 116 119 126 127
98 103 115 116 120 122
97 98 115 116 123 125
98 104 109 111 115 116
98 100 110 112 115 116
98 105 107 108 115 116
98 101 113 115 116 117
99 106 114 118 121 124
99 114 118 119 126 127
99 103 114 118 120 122
97 99 114 118 123 125
99 104 109 111 114 118
99 100 110 112 114 118
99 105 107 108 114 118
99 101 113 114 117 118
103 106 120 121 122 124
97 106 121 123 124 125
103 119 120 122 126 127
97 119 123 125 126 127
104 106 109 111 121 124
104 109 111 119 126 127
100 106 110 112 121 124
100 110 112 119 126 127
105 106 107 108 121 124
105 107 108 119 126 127
101 106 113 117 121 124
101 113 117 119 126 127
103 104 109 111 120 122
97 104 109 111 123 125
100 103 110 112 120 122
97 100 110 112 123 125
103 105 107 108 120 122
97 105 107 108 123 125
101 103 113 117 120 122
97 101 113 117 123 125
100 104 109 110 111 112
104 105 107 108 109 111
101 104 109 111 113 117
100 105 107 108 110 112
100 101 110 112 113 117
101 105 107 108 113 117
